4259341;26015892;25532204;
4259341;25532204;3522106301;
4259341;3522106301;3522106300;
4259341;3522106300;112597522;
4259341;112597522;3522106294;
4259341;3522106294;25532205;
4259341;25532205;3522105991;
4259341;3522105991;112597525;
4259343;26015879;3092764697;
4259343;3092764697;3713666408;
4259343;3713666408;3092764705;
4259343;3092764705;3713666409;
4259343;3713666409;25532146;
4259343;25532146;3713666412;
4259343;3713666412;3092764699;
4259343;3092764699;3713666415;
4259343;3713666415;25532145;
4259343;25532145;3713666420;
4259343;3713666420;3092764710;
4259343;3092764710;25532144;
4259343;25532144;3713667325;
4259343;3713667325;26122713;
4259344;26122714;3713667326;
4259344;3713667326;25532193;
4259344;25532193;3713666418;
4259344;3713666418;25532222;
4259345;26122714;25532197;
4259345;25532197;3713667327;
4259345;3713667327;3713666423;
4259345;3713666423;3713666422;
4259345;3713666422;25532199;
4259345;25532199;3713666421;
4259345;3713666421;3713666419;
4259345;3713666419;25532200;
4259345;25532200;3713666416;
4259345;3713666416;3713666414;
4259345;3713666414;3713666413;
4259345;3713666413;25532201;
4259345;25532201;25532202;
4259345;25532202;26015889;
4306661;26057853;3713963415;
4306661;3713963415;3713963413;
4306661;3713963413;26057854;
4306661;26057854;3713963408;
4306661;3713963408;112654450;
4306661;112654450;3713963403;
4306661;3713963403;3713963401;
4306661;3713963401;112654452;
4306661;112654452;3713963399;
4306661;3713963399;26057855;
4306661;26057855;3713963397;
4306661;3713963397;112653914;
4306661;112653914;3713963395;
4306661;3713963395;26057856;
4306661;26057856;3713963392;
4306661;3713963392;112653915;
4306661;112653915;3713963393;
4306661;3713963393;3713963394;
4306661;3713963394;26057857;
4306661;26057857;3713963396;
4306661;3713963396;112653406;
4306661;112653406;3713963398;
4306661;3713963398;26057858;
4306661;26057858;3713963400;
4306661;3713963400;26122720;
13798046;128580161;2490198492;
13798046;2490198492;128580163;
13798046;128580163;128580166;
13798046;128580166;128579822;
13798046;128579822;3092764690;
13798046;3092764690;128579825;
13798089;128581932;5291597608;
13798089;5291597608;2490198488;
13798089;2490198488;128581937;
13798105;2490198483;2490198482;
13798158;3092764704;128587399;
13798158;128587399;128587401;
13798158;128587401;128587402;
13798158;128587402;128587405;
13798158;128587405;128587408;
13798158;128587408;128587410;
13798158;128587410;128587416;
13798192;128587416;128588840;
13798192;128588840;128588844;
13798192;128588844;5291598232;
13798192;5291598232;128588845;
13798192;128588845;5291598233;
13798192;5291598233;128588848;
13798192;128588848;128588850;
13798192;128588850;128588853;
13798192;128588853;128588856;
13798192;128588856;128588858;
13798242;3092764696;128578693;
13798242;128578693;128578696;
13798242;128578696;128578699;
13798242;128578699;128578701;
13798242;128578701;128578702;
13798272;128607704;128594096;
13798272;128594096;128594097;
13798272;128594097;128594098;
13798272;128594098;128594099;
13798272;128594099;128594102;
13798272;128594102;128594103;
13798272;128594103;128594106;
13798272;128594106;128594107;
13798272;128594107;128594109;
13798272;128594109;128594110;
13798272;128594110;128594112;
13798272;128594112;2490198489;
13798272;2490198489;3092764702;
13798272;3092764702;128579825;
13798291;128588858;2354389954;
13798291;2354389954;2354389956;
13798291;2354389956;2354389958;
13798291;2354389958;2354389944;
13798291;2354389944;2354389953;
13798291;2354389953;2354389946;
13798291;2354389946;2354389945;
13798291;2354389945;2354389955;
13798291;2354389955;2354389948;
13798291;2354389948;2354389949;
13798291;2354389949;2354389950;
13798291;2354389950;128580161;
13798541;128583031;2490198483;
13798545;128583033;4452315949;
13798545;4452315949;128578706;
13798575;128591054;128591056;
13798575;128591056;128591059;
13798575;128591059;128591062;
13798575;128591062;128591064;
13798575;128591064;128591066;
13798575;128591066;128591068;
13798575;128591068;128591070;
13798575;128591070;128591072;
13798575;128591072;128591075;
13860800;1352646998;4464130487;
13860800;4464130487;4731670855;
13860800;4731670855;130075601;
13860800;130075601;4464130488;
13860800;4464130488;130075593;
13860802;130075593;4464130690;
13860802;4464130690;130075701;
13860802;130075701;4464130689;
13860802;4464130689;130075702;
13860802;130075702;130075703;
13860802;130075703;4464130691;
13860802;4464130691;130075706;
13860802;130075706;4464130692;
13860802;4464130692;130075708;
13860802;130075708;4464130693;
13860802;4464130693;3092747277;
13860802;3092747277;130075709;
13860802;130075709;3092747274;
26248559;4378186376;4907385134;
26248559;4907385134;4378186209;
26248559;4378186209;4378186138;
26248559;4378186138;2156104173;
26248559;2156104173;4378185977;
26248559;4378185977;4378185958;
26248559;4378185958;287458429;
26248559;287458429;2156098702;
26248559;2156098702;4378185663;
26248559;4378185663;2156104175;
26248559;2156104175;4378185615;
26248559;4378185615;430006697;
26248559;430006697;287458442;
26248559;287458442;287458440;
26248559;287458440;3554953684;
26248559;3554953684;4210849144;
26248559;4210849144;4210849143;
26248559;4210849143;4202779474;
26248559;4202779474;5454496154;
26248559;5454496154;412246600;
26248564;411506246;444011315;
26248564;444011315;444004669;
26248564;444004669;4718388084;
26248564;4718388084;444004670;
26248564;444004670;444004671;
26248564;444004671;444004672;
26248564;444004672;444004676;
26248564;444004676;444004673;
26248564;444004673;444004674;
26248564;444004674;444011311;
26248564;444011311;287458452;
27103792;4478069058;297369724;
27103792;297369724;5284518530;
27103792;5284518530;5284518531;
27103792;5284518531;5284518532;
27103792;5284518532;4478069059;
27103792;4478069059;297369739;
27103792;297369739;4478069033;
27103792;4478069033;297369726;
27103792;297369726;4393941395;
27289994;299573551;299607856;
27289994;299607856;299597869;
27289994;299597869;5307690000;
27289994;5307690000;122491913;
27290079;5198563347;3570149214;
27290079;3570149214;3570149216;
27290079;3570149216;299579035;
27290079;299579035;5307690010;
27290079;5307690010;1106006315;
27290079;1106006315;5307690011;
27290079;5307690011;5307690007;
27290079;5307690007;1106006333;
27290127;299580145;5308687548;
27290127;5308687548;299599582;
27290127;299599582;299590514;
27290127;299590514;299583544;
27290127;299583544;299590114;
27290127;299590114;5307690006;
27290127;5307690006;299592087;
27290127;299592087;4478069061;
27290127;4478069061;5307690005;
27290127;5307690005;5308687559;
27290127;5308687559;1106006331;
27290127;1106006331;5308687560;
27290127;5308687560;3570149219;
27290127;3570149219;5198563347;
27290127;5198563347;5308687562;
27290127;5308687562;299579766;
27290137;299579890;5308687561;
27290137;5308687561;5198563349;
27290137;5198563349;299580230;
27290137;299580230;5308687557;
27290137;5308687557;1106006305;
27290137;1106006305;5308687556;
27290137;5308687556;299599501;
27290137;299599501;299599440;
27290137;299599440;299590394;
27290137;299590394;1108076408;
27290191;1352647025;5307690222;
27290191;5307690222;299592374;
27290191;299592374;299599024;
27290191;299599024;297369742;
27290217;299580961;5308687554;
27290217;5308687554;3570149231;
27290217;3570149231;5308687555;
27290217;5308687555;1106006305;
27290217;1106006305;5308687558;
27290217;5308687558;1106006331;
27290217;1106006331;5307690013;
27290392;299583501;5307690003;
27290392;5307690003;1106006324;
27290392;1106006324;299583544;
27290952;299592087;299592133;
27290952;299592133;1106006309;
27290952;1106006309;1731169595;
27290952;1731169595;4478069063;
27290999;299592374;299592379;
27291160;299594483;5291836459;
27291160;5291836459;4751793199;
27291160;4751793199;4751793197;
27291160;4751793197;299574281;
27291249;299594484;299610764;
27291249;299610764;1290710590;
27291249;1290710590;299610586;
27291456;773982490;4452315771;
27291456;4452315771;4452315772;
27291456;4452315772;773982495;
27291456;773982495;4452315770;
27291456;4452315770;773982498;
27291456;773982498;773982485;
27291456;773982485;773982494;
27291486;299598126;299597866;
27291520;299598639;299598126;
27291520;299598126;299598638;
27291520;299598638;299598676;
27291749;299598639;299599207;
27291749;299599207;299597869;
27292207;130075497;299604253;
27292207;299604253;299604350;
27292207;299604350;299604140;
27292207;299604140;299604137;
27292207;299604137;4731670862;
27292207;4731670862;299604136;
27292207;299604136;1352647022;
27292604;299608246;1731170416;
27292604;1731170416;299608108;
27292604;299608108;4394003187;
27292604;4394003187;299608120;
27292604;299608120;1731170240;
27292604;1731170240;1731170233;
27292604;1731170233;299607855;
27292604;299607855;1731170248;
27292604;1731170248;1731170245;
27292604;1731170245;299607856;
27292798;1352663645;5198937199;
27292798;5198937199;5307607948;
27292798;5307607948;1352663666;
27292798;1352663666;1352663678;
27292798;1352663678;5307607949;
27292798;5307607949;1290727908;
27292798;1290727908;299610634;
27292798;299610634;4573702100;
27292798;4573702100;299610576;
27292800;299610576;299610586;
27292809;299610766;299610764;
27292809;299610764;299610634;
27292811;4573702100;1290710590;
27292811;1290710590;299610718;
27292882;122452414;4708552372;
27292882;4708552372;299611722;
27292882;299611722;411842524;
27292882;411842524;1548540059;
27292882;1548540059;773982493;
27292882;773982493;1387283703;
27292882;1387283703;3897692280;
27292887;411842524;299610928;
27292887;299610928;299575943;
27292888;299611055;5284498241;
27292888;5284498241;5284498248;
27292888;5284498248;299610932;
27292888;299610932;1548540055;
27292888;1548540055;299611392;
27292888;299611392;5284498234;
27293116;3092747273;3092747280;
27293116;3092747280;3622681754;
27293116;3622681754;299612546;
27293116;299612546;3622681753;
27293116;3622681753;299612557;
27293116;299612557;3092747275;
27293116;3092747275;3622681755;
27293116;3622681755;299612559;
27293116;299612559;3622681752;
27293116;3622681752;299612591;
27293116;299612591;299612561;
27293116;299612561;3092747268;
27293116;3092747268;299612552;
27293116;299612552;299612553;
27293116;299612553;3622681756;
27293116;3622681756;1352663655;
29036508;26015874;4720708093;
29036508;4720708093;26015872;
29036509;3092764704;3092764717;
29036509;3092764717;3092764708;
29036509;3092764708;26015899;
29036509;26015899;26015901;
29036509;26015901;26015903;
29036509;26015903;26015905;
29036509;26015905;26015907;
29036509;26015907;128579264;
29036513;25532210;3522106316;
29036513;3522106316;3522106322;
29036513;3522106322;3522106324;
29036513;3522106324;25532211;
29036514;319327505;319327503;
29036519;1352646988;4731670863;
29036519;4731670863;1352647001;
30911255;297369744;299599148;
30911274;409118177;4720708095;
30911274;4720708095;26015876;
30911274;26015876;774051018;
30911274;774051018;3622681757;
30911274;3622681757;409118178;
30911274;409118178;3622681758;
30911274;3622681758;409118179;
30911274;409118179;1352663664;
30911275;343634626;1223751736;
30911275;1223751736;1223751698;
30911276;343634639;343634632;
30911276;343634632;343634636;
30911276;343634636;343634623;
30911278;444023185;1223751803;
30911280;343634636;410371870;
30911281;343634639;1223751627;
30911281;1223751627;4478053098;
30911284;343646666;415788575;
30911284;415788575;343634648;
30911284;343634648;1548540063;
30911284;1548540063;343634647;
30911284;343634647;343634646;
30912861;343646649;343646655;
30912861;343646655;343646665;
30912861;343646665;4685339950;
30912861;4685339950;5291836406;
30912861;5291836406;343634646;
30912862;343646655;343646660;
30912862;343646660;4492375939;
30912862;4492375939;2363578561;
30912862;2363578561;343646659;
30912865;343646661;5291836405;
30912865;5291836405;5291836404;
30912865;5291836404;2363578585;
30912865;2363578585;343646665;
30912866;416355034;343646678;
30912866;343646678;343646669;
30912866;343646669;343646668;
30912867;343634646;444023177;
30912867;444023177;343646671;
30912867;343646671;5291836407;
30912867;5291836407;1165604049;
30912867;1165604049;5291836408;
30912867;5291836408;343646668;
30912868;343646669;343646672;
30912869;5284320721;5284320520;
30912869;5284320520;3897692261;
30912869;3897692261;413564238;
30912869;413564238;4492375937;
30912869;4492375937;343646675;
30912869;343646675;4492375938;
30912869;4492375938;343646678;
30912870;2168903802;1165604097;
30912870;1165604097;343646682;
30912870;343646682;343646683;
30912870;343646683;343646684;
30912871;343646685;416410137;
30912871;416410137;343646683;
30912872;343634649;343646685;
30912873;343646686;3896082287;
30912873;3896082287;473894833;
30912873;473894833;343646684;
30912873;343646684;343646687;
30912873;343646687;343634635;
30912874;128578706;416007715;
30912874;416007715;316511865;
30912874;316511865;4464000772;
30912874;4464000772;5291598285;
30912874;5291598285;416007716;
30912880;416007718;428050263;
30912880;428050263;5291598288;
30912880;5291598288;5291598287;
30912880;5291598287;416007719;
30912880;416007719;343646705;
30912880;343646705;1165604058;
30912880;1165604058;4526688784;
30912880;4526688784;4526688769;
30912880;4526688769;4526688770;
30912880;4526688770;4526688771;
30912880;4526688771;343646706;
30912881;343646706;4526688768;
30912881;4526688768;1165604093;
30912881;1165604093;4526688775;
30912881;4526688775;404746922;
30912881;404746922;5291598279;
30912881;5291598279;5291598280;
30912881;5291598280;1165604092;
30912881;1165604092;5291598284;
30912881;5291598284;1165604008;
30912881;1165604008;5291598283;
30912881;5291598283;316511865;
34597087;401623785;401623786;
34628257;343634640;4452315764;
34628257;4452315764;4473265202;
34628257;4473265202;416410131;
34628257;416410131;444017071;
34628257;444017071;444017063;
34628257;444017063;444017065;
34628257;444017065;444017068;
34628257;444017068;2168903806;
34628269;343634629;4473312162;
34628269;4473312162;4473312164;
34628269;4473312164;4464000768;
34628269;4464000768;343634630;
34628269;343634630;4473312165;
34628269;4473312165;5291836449;
34628269;5291836449;5291836448;
34628269;5291836448;343634631;
34628269;343634631;1548515353;
34628269;1548515353;5291836411;
34628269;5291836411;5291836412;
34628269;5291836412;5291836413;
34628269;5291836413;343634635;
34628269;343634635;412249452;
34628269;412249452;406359726;
34628269;406359726;5291836419;
34628269;5291836419;299575942;
34628548;343646685;416716818;
34628548;416716818;416716819;
34628548;416716819;3896082293;
34644746;343646666;343634649;
34644746;343634649;417998888;
34644746;417998888;343634640;
34774629;411506246;411504969;
34774629;411504969;4087312908;
34774629;4087312908;128597080;
34774629;128597080;128580161;
34777927;128581937;128586494;
34777927;128586494;128586496;
34777927;128586496;5291597607;
34777927;5291597607;128586497;
34777927;128586497;5291597606;
34777927;5291597606;128586500;
34777927;128586500;5291597605;
34777927;5291597605;128586501;
34777947;128591075;4731603468;
34777947;4731603468;128591076;
34777947;128591076;128591079;
34777947;128591079;128591080;
34777947;128591080;128586501;
34798406;128580161;5291597610;
34798406;5291597610;5291597609;
34798406;5291597609;5291597611;
34798406;5291597611;2490198491;
34851065;408438888;408438889;
34851065;408438889;1541417306;
34851065;1541417306;5284498232;
34851065;5284498232;1541417284;
34851065;1541417284;5284498233;
34851065;5284498233;1165604050;
34851065;1165604050;408438890;
34885152;410383145;4457870822;
34885152;4457870822;4457870821;
34885152;4457870821;343634515;
34885152;343634515;410546849;
34885152;410546849;343634486;
34885152;343634486;410546854;
34885152;410546854;410542610;
34924718;343634484;409771176;
34924723;343634488;343634490;
34924723;343634490;409771021;
34968603;319327503;343634623;
34968603;343634623;4452315769;
34968603;4452315769;343634624;
34968603;343634624;3501878305;
34968603;3501878305;3501878306;
34968603;3501878306;4464000766;
34968603;4464000766;5291836455;
34968603;5291836455;5291836454;
34968603;5291836454;343634625;
34968605;410370673;410370674;
34968605;410370674;1290730151;
34968605;1290730151;3570147070;
34968605;3570147070;299610588;
34968743;343634624;5291836456;
34968743;5291836456;410371870;
34968743;410371870;1223751698;
35002614;410546854;410546925;
35002615;410546849;4394003114;
35002772;343634484;1216830894;
35002772;1216830894;1216830863;
35002772;1216830863;343634482;
35002772;343634482;343634480;
35002772;343634480;343634478;
35002772;343634478;343634476;
35002772;343634476;343634474;
35002772;343634474;343634470;
35002772;343634470;3570147063;
35002772;3570147063;343634468;
35002772;343634468;424548253;
35002772;424548253;343634458;
35006697;3092747274;130075712;
35006697;130075712;4720708099;
35006697;4720708099;4720663315;
35043633;343634513;4394002975;
35043633;4394002975;4394003119;
35043633;4394003119;1352663645;
35078498;411504965;411504964;
35078498;411504964;2168903806;
35078499;128597080;411504988;
35078499;411504988;411504967;
35078499;411504967;411504968;
35078499;411504968;411504969;
35078500;411504977;411504979;
35078500;411504979;420777494;
35078500;420777494;411504981;
35078500;411504981;4590506320;
35078500;4590506320;411504984;
35078500;411504984;411504986;
35078500;411504986;4455723315;
35078500;4455723315;411504987;
35078500;411504987;412249442;
35078500;412249442;2084090872;
35078500;2084090872;3554953622;
35078500;3554953622;411504967;
35078501;411504995;411835470;
35078501;411835470;411504997;
35078501;411504997;445439284;
35078501;445439284;432578810;
35078501;432578810;411504999;
35078501;411504999;432578813;
35078501;432578813;445439290;
35078501;445439290;411504977;
35078502;411504966;411504995;
35105021;420777494;445439255;
35105021;445439255;445439258;
35105021;445439258;445439261;
35105021;445439261;1223751575;
35112010;138205498;5291597598;
35112010;5291597598;5291597593;
35112010;5291597593;5291597597;
35112010;5291597597;5291597594;
35112010;5291597594;5291597595;
35112010;5291597595;5291597596;
35112010;5291597596;1209790951;
35112010;1209790951;4526689738;
35112010;4526689738;4526689737;
35112010;4526689737;5291598303;
35112010;5291598303;4526689731;
35112010;4526689731;5291598302;
35112010;5291598302;428050267;
35112010;428050267;4526689715;
35112010;4526689715;4526689716;
35112010;4526689716;435469009;
35112010;435469009;435477342;
35112603;343634625;4464000764;
35112603;4464000764;5291836452;
35112603;5291836452;343634626;
35145152;412249442;2072674371;
35145152;2072674371;2072674370;
35145152;2072674370;412249443;
35145152;412249443;4517268370;
35145152;4517268370;412249444;
35145152;412249444;412249445;
35145152;412249445;412249446;
35145152;412249446;412246602;
35145153;5198412994;4381093243;
35145153;4381093243;2617650079;
35145153;2617650079;1548554613;
35145153;1548554613;412246608;
35145272;412246602;412247985;
35145272;412247985;1223751669;
35145272;1223751669;1223751757;
35145272;1223751757;412247991;
35145272;412247991;1223751671;
35145272;1223751671;1223751572;
35145272;1223751572;4573598489;
35145272;4573598489;412247996;
35145272;412247996;4573598490;
35145272;4573598490;412248000;
35145272;412248000;412248004;
35145272;412248004;412248006;
35145272;412248006;412248011;
35145272;412248011;1223751610;
35145272;1223751610;5310412092;
35145272;5310412092;412248019;
35145521;411504977;412249448;
35145521;412249448;4566797421;
35145521;4566797421;4718388481;
35145521;4718388481;412249449;
35145521;412249449;412249450;
35145521;412249450;412248019;
35145521;412248019;412249451;
35145521;412249451;420776939;
35145521;420776939;432578781;
35145521;432578781;4523960189;
35145521;4523960189;420776943;
35145522;412246600;2617650078;
35145522;2617650078;1548554615;
35145522;1548554615;412246608;
35170179;1352663628;4464130481;
35170179;4464130481;1352663638;
35170179;1352663638;412525211;
35170179;412525211;412525212;
35473999;404746922;5291598281;
35473999;5291598281;1165604007;
35473999;1165604007;5291598282;
35473999;5291598282;1165604047;
35473999;1165604047;416007715;
35474002;416007719;4526688776;
35474002;4526688776;416007740;
35474002;416007740;416007741;
35474003;416007742;1209790954;
35541470;416410131;416410143;
35541470;416410143;3896082315;
35541470;3896082315;416410145;
35541470;416410145;3896082314;
35541470;3896082314;416410148;
35541470;416410148;416410150;
35541470;416410150;416410152;
35541470;416410152;416410137;
35541722;343646706;4526688766;
35541722;4526688766;4464000771;
35541722;4464000771;4526688774;
35541722;4526688774;4526688767;
35541722;4526688767;417998887;
35541722;417998887;138205494;
35541722;138205494;5291598278;
35541722;5291598278;418191593;
35541722;418191593;343634642;
35541722;343634642;4473265198;
35541722;4473265198;5291598276;
35541722;5291598276;5291598277;
35541722;5291598277;4464000770;
35541722;4464000770;343634640;
35565170;416716819;416716837;
35565170;416716837;416716839;
35565170;416716839;416716818;
35608866;416007741;416007742;
35725581;418191593;4731603471;
35725581;4731603471;417998897;
35725581;417998897;417998898;
35725581;417998898;417998904;
35725581;417998904;417998905;
35725581;417998905;417998906;
35725587;417998888;1165604040;
35725587;1165604040;417998906;
35725587;417998906;5310412091;
35725587;5310412091;5310412090;
35725587;5310412090;5310412089;
35725587;5310412089;5310412088;
35725587;5310412088;417998907;
35725587;417998907;5310412087;
35725587;5310412087;417998908;
35725587;417998908;417998910;
35725587;417998910;5310412086;
35725587;5310412086;343634648;
35727410;411834915;128597080;
35770755;299611055;418198684;
35997812;420777495;420777496;
35997812;420777496;445439274;
35997812;445439274;412256453;
35997812;412256453;411835470;
35997812;411835470;4455723310;
35997812;4455723310;411835382;
35997812;411835382;4455723303;
35997812;4455723303;4566797450;
35997812;4566797450;4566797461;
35997812;4566797461;411835384;
36869474;428670445;504782500;
36869474;504782500;1788788870;
36869474;1788788870;1788788868;
36869474;1788788868;428670442;
36869474;428670442;428670448;
36979228;3554953679;2156098729;
36979228;2156098729;2156098719;
36979228;2156098719;2156098755;
36979228;2156098755;2617650080;
36979228;2617650080;2156098708;
36979228;2156098708;2156098689;
36979228;2156098689;4381097464;
36979228;4381097464;2156104170;
36979228;2156104170;3554953687;
36979228;3554953687;3554953688;
36979228;3554953688;430006697;
37141967;420776943;435240914;
37141967;435240914;4523960191;
37141967;4523960191;5284172068;
37141967;5284172068;2185792256;
37141967;2185792256;5284172069;
37141967;5284172069;432578826;
37141967;432578826;432578827;
37141967;432578827;1223751630;
37141967;1223751630;432578828;
37141967;432578828;5284172070;
37141967;5284172070;435240917;
37141967;435240917;784475024;
37141968;432578781;4517268078;
37141968;4517268078;1223751641;
37141968;1223751641;1223751723;
37141968;1223751723;430012030;
37141968;430012030;4517268312;
37141968;4517268312;5310412104;
37141968;5310412104;5310412106;
37141968;5310412106;430012028;
37141968;430012028;2185848579;
37141970;432578836;4492974710;
37141970;4492974710;4492974709;
37141970;4492974709;445041886;
37141970;445041886;1838438345;
37141970;1838438345;432578837;
37141970;432578837;5284518553;
37141970;5284518553;432578838;
37141970;432578838;4441072669;
37141970;4441072669;432578835;
37141970;432578835;432578839;
37141970;432578839;4474021918;
37141970;4474021918;5284518549;
37141970;5284518549;432578829;
37141970;432578829;4474021917;
37141970;4474021917;4474021919;
37141970;4474021919;2066740979;
37141970;2066740979;4505174781;
37141970;4505174781;2066740971;
37141970;2066740971;5284518546;
37141970;5284518546;5284518545;
37141970;5284518545;5284518544;
37141970;5284518544;432578841;
37141970;432578841;4478085707;
37141970;4478085707;4478085704;
37141970;4478085704;432578842;
37141971;432578800;4452315959;
37141971;4452315959;432578841;
37141973;435240927;435240930;
37141973;435240930;432578852;
37141973;432578852;435240932;
37141973;435240932;432578853;
37141975;432578853;2066740958;
37141975;2066740958;432578859;
37141976;432578856;5284518534;
37141976;5284518534;5284518535;
37141976;5284518535;4393941398;
37141976;4393941398;4478069052;
37141976;4478069052;4393941400;
37141976;4393941400;5284518536;
37141976;5284518536;5284518533;
37141976;5284518533;297369726;
37141977;4393941394;4751793222;
37141977;4751793222;1223751659;
37141977;1223751659;4751793221;
37141977;4751793221;432578865;
37141977;432578865;432578866;
37141977;432578866;4478069038;
37141977;4478069038;4478087288;
37141977;4478087288;432578842;
37141978;432578865;4478069051;
37141978;4478069051;432578867;
37141978;432578867;1223751654;
37141979;297369740;432578825;
37141980;432578845;4478085709;
37141980;4478085709;432578879;
37141980;432578879;5284518538;
37141980;5284518538;4474021924;
37141980;4474021924;432578882;
37141980;432578882;4474021923;
37141980;4474021923;432578885;
37141980;432578885;5284518539;
37141980;5284518539;432578888;
37141980;432578888;5284518540;
37141980;5284518540;5284518541;
37141980;5284518541;4474021921;
37141980;4474021921;4474021922;
37141980;4474021922;5284518542;
37141980;5284518542;432578890;
37141980;432578890;5284518543;
37141980;5284518543;4474021926;
37141980;4474021926;432578848;
37141981;445041885;445041884;
37141981;445041884;5284518551;
37141981;5284518551;4751793224;
37141981;4751793224;445041883;
37141981;445041883;4751793223;
37141981;4751793223;5284518550;
37141981;5284518550;432578838;
37141982;432578831;432578901;
37141982;432578901;432578906;
37141982;432578906;4573598508;
37141982;4573598508;4573598507;
37141982;4573598507;432578908;
37141982;432578908;4573598506;
37141982;4573598506;432578916;
37141982;432578916;4573598505;
37141982;4573598505;5310412097;
37141982;5310412097;5310412098;
37141982;5310412098;432578919;
37141982;432578919;5310412099;
37141982;5310412099;432578922;
37141983;411835382;432578938;
37141983;432578938;432578945;
37141983;432578945;432578817;
37141985;445439255;445439343;
37141985;445439343;2073943322;
37141985;2073943322;432578813;
37141985;432578813;432578945;
37142500;3713816545;3713843046;
37142500;3713843046;26122715;
37142500;26122715;3713843047;
37142500;3713843047;26122717;
37142500;26122717;3713843048;
37142500;3713843048;3713843050;
37142500;3713843050;26122718;
37142655;432589603;4566736207;
37142655;4566736207;432589605;
37142655;432589605;432589606;
37142655;432589606;432578835;
37338732;435240914;435240906;
37338733;435240917;435240959;
37346130;428050290;428050304;
37346130;428050304;5291598299;
37346130;5291598299;428050306;
37346130;428050306;428050309;
37346130;428050309;428050285;
37346130;428050285;1165604129;
37346130;1165604129;416007742;
37856053;411506246;3554953651;
37856053;3554953651;444011318;
37856053;444011318;444011320;
37856053;444011320;444011321;
37856053;444011321;444011323;
37856053;444011323;1548554598;
37856053;1548554598;1548554599;
37856053;1548554599;1548554600;
37856053;1548554600;1548554602;
37856053;1548554602;1548554601;
37856479;444017071;444017058;
37856479;444017058;4473275400;
37856479;4473275400;4473275397;
37856479;4473275397;444017059;
37856479;444017059;444017060;
37856481;444017065;4573702095;
37856481;4573702095;4573702098;
37856481;4573702098;444017067;
37856482;444017068;4573702096;
37856482;4573702096;4573702097;
37856482;4573702097;444017069;
37856707;444023177;1548540061;
37856708;3092747279;444023210;
37856708;444023210;444023213;
37856708;444023213;444023216;
37856708;444023216;444023219;
37856708;444023219;444023221;
37856708;444023221;444023223;
37856708;444023223;444023225;
37856708;444023225;444023228;
37856708;444023228;3622681750;
37856708;3622681750;3622681751;
37856708;3622681751;444023229;
37856708;444023229;3622681749;
37856708;3622681749;444023231;
37856708;444023231;444023233;
37856708;444023233;444023235;
37856708;444023235;3622681748;
37856708;3622681748;444023236;
37856708;444023236;444023237;
37856708;444023237;4464130485;
37916215;445041881;4492974706;
37916215;4492974706;4492974707;
37916215;4492974707;432578837;
37937528;112651985;445439324;
37937528;445439324;1389528038;
37937528;1389528038;445439326;
37937528;445439326;445439300;
37937529;445439274;445439334;
37937529;445439334;1223751730;
37937529;1223751730;1223751697;
37937529;1223751697;445439337;
37937529;445439337;445439340;
37937530;411504999;2073943320;
37937530;2073943320;445439340;
37937530;445439340;445439258;
37937531;445439343;445439344;
37937532;445439347;445439344;
37937532;445439344;2073943321;
37937532;2073943321;445439290;
37937534;445439334;4573598492;
37937534;4573598492;445439284;
39550803;473894833;473894834;
39550803;473894834;5291836422;
39550803;5291836422;3896082285;
39550803;3896082285;5291836423;
39550803;5291836423;5291836425;
41380172;435240906;3573222096;
41380172;3573222096;506111738;
41380172;506111738;3573222097;
41380172;3573222097;2185756687;
41380173;435240959;506111741;
41380173;506111741;4282469053;
41380173;4282469053;506111742;
51228960;444004676;4452248001;
51228960;4452248001;444004677;
51228960;444004677;4526607816;
51228960;4526607816;444004678;
51228960;444004678;4573598276;
51228960;4573598276;4573598285;
51228960;4573598285;444004679;
51228960;444004679;4573598286;
51228960;4573598286;444004680;
51228960;444004680;444004681;
51228960;444004681;4378171712;
51228960;4378171712;444004682;
51228960;444004682;444004683;
62087613;297369729;4573526560;
62087613;4573526560;773982497;
62087615;432578854;432578855;
62087615;432578855;432578856;
62087615;432578856;4393940287;
62087615;4393940287;4751793219;
62087615;4751793219;4751793220;
62087615;4751793220;297369729;
62087616;773982499;773982492;
62087616;773982492;297369732;
62087618;297369732;297369731;
62087618;297369731;773982488;
62087618;773982488;297369740;
62087620;299610588;299610818;
62087620;299610818;299610870;
62087620;299610870;299610820;
62087620;299610820;299610871;
62087621;299599148;4478069032;
62087621;4478069032;4505205706;
62087622;773982487;1842003114;
62087622;1842003114;4751793204;
62087622;4751793204;4751793203;
62087622;4751793203;1223751741;
62087622;1223751741;4751793205;
62087622;4751793205;4751793206;
62087622;4751793206;4393940282;
62087622;4393940282;4751793207;
62087622;4751793207;773982497;
62250100;299610576;299610599;
62250100;299610599;410370668;
62250100;410370668;299610588;
63192525;1223751805;1223751624;
63192525;1223751624;5284518525;
63192525;5284518525;4474021930;
63192525;4474021930;5284518526;
63192525;5284518526;4474021931;
63192525;4474021931;1223751732;
63192525;1223751732;5284518524;
63192525;5284518524;5284518403;
63192525;5284518403;5284518404;
63192525;5284518404;4474021937;
100862795;4526689737;5291598304;
100862795;5291598304;4526689736;
100862795;4526689736;4526689735;
100862795;4526689735;4526689734;
100862795;4526689734;4526689733;
100862795;4526689733;4526689732;
100862795;4526689732;4526689714;
100862795;4526689714;4526689730;
100862795;4526689730;4526689729;
100862795;4526689729;5291598305;
100862795;5291598305;4526689719;
100862795;4526689719;129548933;
106334850;1223751736;343634638;
106334851;1223751732;4441072622;
106334851;4441072622;1838434498;
106334851;1838434498;4441072626;
106334851;4441072626;4452315954;
106334851;4452315954;2066740983;
106334851;2066740983;4474021920;
106334851;4474021920;432578829;
106334852;4478053098;1223751698;
106334854;3501878316;3799695586;
106334854;3799695586;4478069047;
106334854;4478069047;3799695585;
106334854;3799695585;3799695584;
106334854;3799695584;432578864;
106334854;432578864;432578863;
106334854;432578863;432578862;
106334854;432578862;4478069048;
106334854;4478069048;432578861;
106334854;432578861;4478069039;
106334854;4478069039;432578860;
106334854;432578860;401623786;
106334854;401623786;432578859;
106334854;432578859;432578854;
106334854;432578854;432578858;
106334854;432578858;4478069055;
106334856;1223751661;1223751647;
106334856;1223751647;1223751786;
106334856;1223751786;1223751699;
106334856;1223751699;1223751620;
106334856;1223751620;1223751586;
106334856;1223751586;1223751633;
106334856;1223751633;4455723319;
106334856;4455723319;411504984;
106334857;432578798;432578842;
106334857;432578842;432578845;
106334857;432578845;432578847;
106334857;432578847;4474021925;
106334857;4474021925;432578848;
106334857;432578848;4478069058;
106334857;4478069058;5284518529;
106334857;5284518529;4478069055;
106334858;1223751687;1223751681;
106334858;1223751681;1223751606;
106334858;1223751606;445439265;
106334858;445439265;1223751631;
106334858;1223751631;1223751575;
106334858;1223751575;1223751712;
106334858;1223751712;3554953534;
106334858;3554953534;1223751687;
106334858;1223751687;1223751631;
106334859;1223751730;1223751631;
106334860;445439337;4573598491;
106334860;4573598491;432578810;
106334860;432578810;432578938;
106334862;420777495;1223751607;
106334863;1223751575;1223751697;
106334864;1223751592;1223751807;
106334864;1223751807;1223751600;
106334864;1223751600;1223751605;
106334864;1223751605;1223751780;
106334864;1223751780;1223751578;
106334864;1223751578;1223751781;
106334864;1223751781;2084090866;
106334864;2084090866;2084090872;
106334865;4441072626;1223751622;
106334865;1223751622;1223751778;
106334865;1223751778;1223751695;
106334865;1223751695;1223751716;
106334865;1223751716;1223751650;
106334865;1223751650;1223751675;
106334865;1223751675;1223751783;
106334865;1223751783;2085810952;
106334865;2085810952;2085810954;
106334865;2085810954;5284518547;
106334865;5284518547;2085810953;
106334865;2085810953;5284518548;
106334865;5284518548;2085810951;
106334865;2085810951;432578841;
106334866;1223751757;1223751746;
106334867;1223751616;1223751661;
106334867;1223751661;1223751666;
106334867;1223751666;1223751590;
106334867;1223751590;1223751604;
106334867;1223751604;1223751652;
106334867;1223751652;1223751720;
106334867;1223751720;1223751632;
106334867;1223751632;1223751592;
106334867;1223751592;1223751728;
106334867;1223751728;1223751679;
106334867;1223751679;1223751766;
106334867;1223751766;1223751700;
106334867;1223751700;4455723317;
106334867;4455723317;412249442;
113804667;1290727908;1290243443;
113804667;1290243443;1290243442;
113804667;1290243442;1290243436;
113804667;1290243436;1290243435;
113804667;1290243435;1290243439;
113804667;1290243439;1290243440;
113804667;1290243440;1290243438;
113804667;1290243438;1352663651;
113804820;1290730151;1290243436;
113849584;1290733867;2585736133;
118148370;1329449081;1329449077;
118148371;424548349;1329457303;
118148371;1329457303;424548360;
118148371;424548360;1842003107;
118148372;1329449076;1329449082;
118148372;1329449082;5198936087;
118148372;5198936087;1329449078;
118148372;1329449078;3570149202;
118148372;3570149202;2152145169;
118148372;2152145169;1329449073;
118148373;1352647004;5198563344;
118148373;5198563344;299579766;
118148373;299579766;5198958791;
118148373;5198958791;5198958114;
118148373;5198958114;299579890;
118148373;299579890;5198936094;
118148373;5198936094;5198936671;
118148373;5198936671;299577729;
118148373;299577729;299584069;
118148374;1329449077;1842003107;
118148374;1842003107;1329449079;
118148374;1329449079;1329449088;
118148374;1329449088;1329449076;
118148374;1329449076;1842003109;
118148374;1842003109;1329449084;
118148376;1329449083;1329449074;
118148376;1329449074;1329449075;
118148376;1329449075;1329449080;
118148376;1329449080;4505205708;
118148376;4505205708;1329449089;
118148376;1329449089;1329449081;
118148684;1329457303;3570147079;
118148684;3570147079;1329457297;
118148684;1329457297;1329457291;
118148684;1329457291;3570147081;
118148684;3570147081;3570147079;
118153961;1352663645;409771176;
118153961;409771176;4966894433;
118153961;4966894433;409117207;
118153961;409117207;1731168847;
118153961;1731168847;409089302;
118670828;1352663656;1334148416;
118670828;1334148416;1334148415;
118670828;1334148415;1334148418;
118670828;1334148418;1334148409;
118670828;1334148409;1334148417;
118670828;1334148417;1334148410;
118670828;1334148410;1334148411;
118670828;1334148411;1334148412;
118670828;1334148412;1334148413;
118670828;1334148413;26015872;
120692682;1352646988;5198936084;
120692682;5198936084;1352647004;
120692683;5307690009;5307690221;
120692683;5307690221;1352647025;
124718133;1165604056;1387283703;
140758917;1541417335;1541417332;
140758918;1541417332;1541417331;
140758918;1541417331;1541417314;
140758918;1541417314;1541417319;
140758918;1541417319;1541417332;
141472577;343634635;5291836409;
141472577;5291836409;5291836410;
141472577;5291836410;1548515352;
141472577;1548515352;1548515355;
141475041;343634631;1548515355;
141475042;1548540061;5329555449;
141475042;5329555449;444023180;
141475042;444023180;5329555448;
141475042;5329555448;1548540064;
141475043;1548540064;1548540065;
141475043;1548540065;5329555450;
141475043;5329555450;1548540066;
141475043;1548540066;1548540063;
141475044;1548540059;1548540057;
141475044;1548540057;1548540054;
141475044;1548540054;1548540056;
141475044;1548540056;1548540055;
159959889;1352663679;4731670868;
159959890;319327507;4731670867;
161123913;1106006309;5307690008;
161123913;5307690008;1106006324;
161123913;1106006324;299579036;
164088398;1352663645;409771021;
164088398;409771021;4457870695;
164088398;4457870695;343634492;
164088398;343634492;4457870694;
164088398;4457870694;343634484;
172889538;299573943;1837318438;
172889538;1837318438;1837681069;
172889538;1837681069;1837323243;
172889538;1837323243;432578838;
172932225;2066740975;1837681067;
172932225;1837681067;1837681068;
173013103;1838434498;1838434497;
173013103;1838434497;1838434495;
173013103;1838434495;1838434491;
173013103;1838434491;1838434493;
173013103;1838434493;1838434499;
173013103;1838434499;1838434494;
173013103;1838434494;1838434492;
173372576;1352663673;1329449087;
173372576;1329449087;1329449083;
173372577;1329449083;4464130483;
173372577;4464130483;1842003097;
189312418;4731603469;1999553112;
196972617;412249443;2084090862;
196972617;2084090862;2072674362;
196972617;2072674362;2072674363;
196972618;2072674362;2072674364;
196972618;2072674364;2072674366;
196972619;2072674366;2072674367;
196972619;2072674367;2072674368;
196972619;2072674368;2072674369;
196972619;2072674369;2072674366;
197100020;2073943321;2073943322;
197100020;2073943322;2073943320;
198248591;2084090870;2084090868;
198248722;444004669;2084091578;
198248722;2084091578;2084091558;
198248722;2084091558;2084091559;
198248722;2084091559;2084091560;
198248722;2084091560;2084091551;
198248722;2084091551;2084091580;
198248722;2084091580;4718388067;
198248722;4718388067;2084091563;
198248722;2084091563;2084091566;
198248722;2084091566;2084091579;
198248722;2084091579;2084091565;
198248722;2084091565;2084091567;
198248722;2084091567;2084091554;
198248722;2084091554;2084091571;
198248722;2084091571;2084091569;
198248722;2084091569;2084091568;
198248907;2084093828;403124585;
198248909;2084093829;2084093828;
198248910;2084093827;504782514;
198248910;504782514;2084093830;
205638142;2156098713;2156098707;
205638142;2156098707;2156098749;
205638142;2156098749;2156098752;
205638142;2156098752;2156098711;
205638142;2156098711;2156098756;
205638142;2156098756;2156098746;
205638142;2156098746;2156098750;
205638142;2156098750;3573222099;
205638142;3573222099;2156098719;
205638144;2156098755;2156098710;
205638144;2156098710;2156098725;
205638144;2156098725;2156098713;
205638144;2156098713;5454496159;
205638144;5454496159;2156098709;
205638144;2156098709;3573222118;
205638144;3573222118;2156098708;
205638147;2156098695;3573222098;
205638147;3573222098;2156098729;
206843929;2168903808;2168903804;
206843929;2168903804;411504965;
206843931;411504965;4473275401;
206843931;4473275401;4452315953;
206843931;4452315953;411504966;
208262837;2185756687;2185762067;
208262837;2185762067;2185762064;
208262837;2185762064;2185762047;
208262837;2185762047;2185762049;
208262837;2185762049;506111741;
208262837;506111741;2185762050;
208262837;2185762050;2185756687;
208263088;2185762067;2185766308;
208263088;2185766308;2185766309;
208263088;2185766309;2185766307;
208263088;2185766307;2185766310;
208263088;2185766310;2185766306;
208263088;2185766306;2185765238;
208263088;2185765238;2185765236;
208263088;2185765236;2185765234;
208263088;2185765234;2185765237;
208263088;2185765237;2185765235;
208263088;2185765235;2185762064;
208265320;4282469045;4282469046;
208265320;4282469046;4282469047;
208265320;4282469047;2185792255;
208265320;2185792255;4517268326;
208265320;4517268326;2185792256;
208272059;4517268326;4282469049;
208272059;4282469049;4517268307;
208272059;4517268307;4517268293;
211339122;445439300;112613613;
211339122;112613613;112613614;
211339122;112613614;112613616;
211339122;112613616;112613618;
211339122;112613618;445041881;
211339122;445041881;445041888;
212708372;343646668;3896082286;
212708372;3896082286;343646667;
212708372;343646667;343646666;
212708374;1165604086;3896082259;
212708374;3896082259;138205502;
212708374;138205502;425725651;
212708374;425725651;138205500;
212708374;138205500;343646649;
212708375;2168903808;343634629;
212708375;343634629;5291836451;
212708375;5291836451;343634638;
212708376;343634640;5329555451;
212708376;5329555451;1165603968;
212708376;1165603968;5291598273;
212708376;5291598273;5329555452;
212708376;5329555452;343634650;
212708376;343634650;5291598272;
212708376;5291598272;5291598271;
212708376;5291598271;403124585;
212708376;403124585;5291598268;
212708376;5291598268;5291598267;
212708376;5291598267;5291598269;
212708376;5291598269;5291598270;
212708376;5291598270;5291598265;
212708376;5291598265;5291598266;
212710690;343634646;343646672;
212710690;343646672;343646662;
212710690;343646662;343646675;
212710690;343646675;299575944;
212710703;343646649;138205498;
212710703;138205498;5291597599;
212710703;5291597599;343646703;
212710703;343646703;138205497;
212710703;138205497;4526688765;
212710703;4526688765;138205495;
212710703;138205495;2490198475;
212710703;2490198475;2490198476;
220234009;26057853;112613609;
220234009;112613609;112613610;
220234009;112613610;2846609718;
220234009;2846609718;3522178888;
220234009;3522178888;112613611;
220234009;112613611;432589602;
220234009;432589602;432589603;
220234009;432589603;112613612;
220234009;112613612;445439300;
220234012;26122718;3713843052;
220234012;3713843052;26122719;
228657550;1352647001;4731670866;
228657550;4731670866;1352647004;
228657552;297369744;1842003111;
228657552;1842003111;319327505;
238249552;412249448;2460915650;
238249552;2460915650;2460915651;
238249553;2460915655;2460915656;
238249553;2460915656;2460915657;
238249553;2460915657;412249450;
238249554;2460915651;2460915652;
238249554;2460915652;2460915653;
238249554;2460915653;2460915654;
238249554;2460915654;2460915655;
238249554;2460915655;2460915651;
238249556;2460915663;2460915671;
238249556;2460915671;2460915664;
238249556;2460915664;2460915665;
238249556;2460915665;2460915666;
238249556;2460915666;2460915667;
238249556;2460915667;2460915668;
238249556;2460915668;2460915669;
238249556;2460915669;2460915670;
238249557;2460915671;2460915672;
241364281;2490198491;128581932;
241364283;2490198479;2490198478;
241364284;2490198478;4731523276;
241364284;4731523276;1209790930;
241364284;1209790930;1209790968;
241364284;1209790968;1209790956;
241364284;1209790956;1209790934;
241364284;1209790934;1209790954;
241364284;1209790954;5291597601;
241364284;5291597601;5291597600;
241364284;5291597600;1209790951;
241364284;1209790951;4685339957;
241364284;4685339957;1209790950;
241364284;1209790950;4685339951;
241364284;4685339951;1209790958;
241364284;1209790958;343646649;
241364287;2490198482;128583736;
241364287;128583736;128583739;
241364287;128583739;128583741;
241364287;128583741;128583743;
241364287;128583743;128583745;
241364287;128583745;128583747;
241364287;128583747;5291598263;
241364287;5291598263;4452315942;
241364287;4452315942;5291598259;
241364287;5291598259;128583750;
241364287;128583750;5291598258;
241364287;5291598258;128583753;
241364287;128583753;5291598257;
241364287;5291598257;128583756;
252543837;299574281;4473312168;
304690307;1352647030;3092747282;
304690307;3092747282;130075590;
310305518;3157226903;3157229007;
310305518;3157229007;3157245367;
310305518;3157245367;3157245366;
310305518;3157245366;3157237201;
310305518;3157237201;3157229028;
310305518;3157229028;3157226906;
316459169;420776943;3554953676;
316459169;3554953676;430006694;
316459169;430006694;3554953681;
316459169;3554953681;4149583051;
316459169;4149583051;3573222107;
316459169;3573222107;420776945;
316459169;420776945;420807840;
345566829;26015892;3522106304;
345566829;3522106304;26015890;
345566829;26015890;3522106311;
345566829;3522106311;3092764693;
345566831;3092764693;3522106319;
345566831;3522106319;3092764716;
345566831;3092764716;26015888;
345566831;26015888;3092764718;
345566831;3092764718;26015884;
345566832;25532189;3522106293;
345566832;3522106293;3522105987;
345566832;3522105987;112597541;
345566832;112597541;25532186;
345566832;25532186;3522105980;
345566832;3522105980;112597544;
345566832;112597544;25532185;
345566832;25532185;3522105976;
345566832;3522105976;3522105978;
345566832;3522105978;3522105981;
345566832;3522105981;112597546;
345566832;112597546;3092764688;
345566832;3092764688;3522105989;
345566832;3522105989;3713816541;
345566832;3713816541;3522105992;
345566832;3522105992;3522106298;
345566832;3522106298;112597547;
345566832;112597547;3713816542;
345566832;3713816542;3522106305;
345566832;3522106305;3522106307;
345566832;3522106307;3092764693;
345566834;112597525;3522105986;
345566834;3522105986;25532206;
345566834;25532206;25532207;
345566834;25532207;3522105977;
345566834;3522105977;112597526;
345566834;112597526;3522105973;
345566834;3522105973;3092764689;
345566834;3092764689;3522105971;
345566834;3522105971;3522105970;
345566834;3522105970;3522105972;
345566834;3522105972;25532208;
345566834;25532208;3522105974;
345566834;3522105974;112597528;
345566834;112597528;3522105979;
345566834;3522105979;25532209;
345566834;25532209;3522105983;
345566834;3522105983;3522105984;
345566834;3522105984;319327500;
345566834;319327500;3522106296;
345566834;3522106296;25532210;
349643887;3554953676;3554953677;
349643887;3554953677;3554953679;
349643889;3554953681;3554953680;
349643889;3554953680;3554953679;
349643961;412249445;3554953662;
349643961;3554953662;3554953664;
349643961;3554953664;5258475326;
349643961;5258475326;3554953658;
349643961;3554953658;3554953660;
349643964;444011318;3554953652;
349643964;3554953652;3554953655;
349643964;3554953655;3554953659;
349643964;3554953659;2084090865;
349643964;2084090865;3554953665;
349643964;3554953665;3554953666;
351255892;1731170245;3570149284;
351255892;3570149284;3570149287;
351255892;3570149287;1731170240;
351525693;3573222212;3573222201;
351525693;3573222201;3573222198;
351525693;3573222198;3573222157;
351525693;3573222157;3573222138;
351525693;3573222138;3573222133;
351525693;3573222133;3573222132;
351525693;3573222132;3573222130;
351525693;3573222130;3573222128;
351525693;3573222128;3573222109;
351525693;3573222109;3573222108;
351525693;3573222108;3573222104;
367461722;26122713;3713816544;
367461722;3713816544;3713816545;
367461723;3713816546;26122714;
367461725;25532222;3522106323;
367461725;3522106323;3522106321;
367461725;3522106321;3522106312;
367461725;3522106312;25532189;
367461726;25532211;3713666417;
367461726;3713666417;25532212;
367461726;25532212;3713666424;
367461726;3713666424;26122713;
367464148;3713843054;26122787;
367477465;26122787;3713843053;
367477465;3713843053;26122788;
367477467;26122786;3713963391;
367477467;3713963391;3713843054;
367477469;26122784;26122785;
367477469;26122785;3713963402;
367477469;3713963402;26122786;
367477470;26122719;3713963389;
367477470;3713963389;3713963390;
367477470;3713963390;26122720;
367477475;26122788;3713843051;
367477475;3713843051;3713843049;
367477475;3713843049;26122789;
367477475;26122789;3713816548;
367477475;3713816548;26122716;
367477475;26122716;3713816547;
367477475;3713816547;3713816546;
386286207;3896082287;3896082293;
386286208;343646686;3896082286;
386286209;3896082293;343646686;
386440056;3897692279;5284495411;
386440056;5284495411;3897692277;
386440056;3897692277;5284495409;
386440056;5284495409;5284495410;
386440056;5284495410;3897692275;
386440057;3897692274;5284495412;
386440057;5284495412;3897692276;
386440057;3897692276;5284495413;
386440057;5284495413;5284495414;
386440057;5284495414;3897692278;
406682433;411504968;4737169812;
406682433;4737169812;4087312908;
415097761;2460915605;4161712070;
415097761;4161712070;4161712071;
415097761;4161712071;4161712072;
415097761;4161712072;4161712073;
415097761;4161712073;4161712074;
415097761;4161712074;4161712075;
415097761;4161712075;4161712076;
415097761;4161712076;4161712077;
420339891;5198413635;5476716959;
420339891;5476716959;4204296205;
420339891;4204296205;4202779473;
420339891;4202779473;4202779464;
420339891;4202779464;4202779467;
420339891;4202779467;4202779466;
420339891;4202779466;4202779468;
420339891;4202779468;4210849180;
420339891;4210849180;5198413634;
420339891;5198413634;5198413679;
420339891;5198413679;5476716958;
420339891;5476716958;4203872944;
420339891;4203872944;4202779474;
420455890;4203872944;4203872923;
420455890;4203872923;4203872930;
420455890;4203872930;4203872958;
420455890;4203872958;4203872957;
420455890;4203872957;5198413653;
420455890;5198413653;4210569962;
420455890;4210569962;4210569960;
420455890;4210569960;4210569952;
420455890;4210569952;4210569951;
420455890;4210569951;5454496150;
420455890;5454496150;4210569950;
420455890;4210569950;4210569949;
420455890;4210569949;4203872926;
420455890;4203872926;4210569948;
420455890;4210569948;4210569953;
420455890;4210569953;4210569954;
420455890;4210569954;5198413001;
420455890;5198413001;4203872921;
421305605;4210849143;5198563363;
421305605;5198563363;4210849160;
421305605;4210849160;4210849162;
421305605;4210849162;4203872944;
421305607;4210849144;5198563364;
421305607;5198563364;4210849146;
421305607;4210849146;4210849149;
421305607;4210849149;4210849151;
421305607;4210849151;4210849155;
421305607;4210849155;4210849156;
429123178;4282469057;4282469053;
429123178;4282469053;4282469051;
429123179;4282469056;506111742;
429123179;506111742;4282469050;
429123180;4282469042;4517268344;
429123180;4517268344;4282469044;
429123181;4282469037;4282469025;
429123181;4282469025;4282469014;
429123181;4282469014;4282469011;
429123181;4282469011;4282469012;
429123181;4282469012;4282469015;
434878390;5307607945;5307607947;
434878390;5307607947;1352663678;
434878391;299610700;773982493;
434878391;773982493;4792263730;
434878391;4792263730;299611055;
434878391;299611055;3897692275;
434878391;3897692275;3897692274;
434878391;3897692274;4792263731;
434878391;4792263731;2585736133;
434878391;2585736133;3897692272;
434878391;3897692272;299611292;
434878391;299611292;1842003094;
434878391;1842003094;5284495418;
434878391;5284495418;299610698;
434878394;1223751698;343634632;
434878394;343634632;299574280;
434878397;2168903806;2168903802;
434878397;2168903802;2168903808;
434878399;299610586;4473312171;
434878399;4473312171;299610763;
434879922;1223751803;5291836458;
434879922;5291836458;5291836457;
434879922;5291836457;1223751668;
434879922;1223751668;343634639;
434879923;1548515355;5291836447;
434879923;5291836447;1548540067;
434879923;1548540067;1223751803;
434879925;319327503;4478069023;
434879925;4478069023;299574280;
434879925;299574280;4492375942;
434879925;4492375942;3570147071;
434879925;3570147071;444023185;
434879925;444023185;299574281;
440117025;4381093229;4378171721;
440117025;4378171721;4455723336;
440117025;4455723336;5198412998;
440117025;5198412998;5198412996;
440117025;5198412996;5454496157;
440117025;5454496157;5198563371;
440117025;5198563371;5198412991;
440117025;5198412991;5198412994;
440117149;4378185408;4378185609;
440117164;4378185400;4378185406;
440117164;4378185406;4378185433;
440117193;4378171721;4378171717;
440117193;4378171717;4378171722;
440117193;4378171722;4378171726;
440117214;4378171739;4378171735;
440117214;4378171735;4378171730;
440117214;4378171730;4381093216;
440117214;4381093216;4381093217;
440117214;4381093217;4381093218;
440117214;4381093218;4381093219;
440117214;4381093219;4381093220;
440117214;4381093220;4381093221;
440117214;4381093221;4381093222;
440117214;4381093222;4381093223;
440117214;4381093223;4381093224;
440117214;4381093224;4378171726;
440117214;4378171726;4381093214;
440117214;4381093214;4381093215;
440117214;4381093215;444004683;
440117214;444004683;4378171728;
440117214;4378171728;4378171733;
440117214;4378171733;4378171737;
440117214;4378171737;4378171739;
440389519;412246600;519337747;
440389519;519337747;5198412994;
441677257;297369728;5284518537;
441677257;5284518537;4751793215;
441677257;4751793215;4751793216;
441677257;4751793216;4751793213;
441677257;4751793213;4751793217;
441677257;4751793217;4751793214;
441677257;4751793214;4393941394;
441677259;4393941394;4751793208;
441677259;4751793208;4751793209;
441677259;4751793209;4751793210;
441677259;4751793210;4751793212;
441677259;4751793212;4751793211;
441677259;4751793211;4751793218;
441677259;4751793218;4393941395;
441677260;4393941410;432578866;
441677265;4393941477;4393941479;
441677265;4393941479;4393941478;
441677265;4393941478;1838438346;
441677265;1838438346;4393941477;
441677265;4393941477;1838438345;
441685555;4394003118;410546930;
441685556;4394003125;410542610;
441685563;4394003114;4394003118;
441685564;4394003121;4394003119;
441685576;4394002974;4394002976;
441685576;4394002976;4394003121;
441685576;4394003121;4394003123;
441685578;4731670853;5198563342;
441685578;5198563342;4394003182;
441685578;4394003182;4394003185;
441685581;4394003106;4394003105;
441685581;4394003105;4394003113;
441685581;4394003113;4394003117;
441685582;4394003186;4394003188;
441685582;4394003188;4394003291;
441685582;4394003291;4394003289;
446887315;432589605;4441072621;
446887316;4441072622;5284518394;
446887316;5284518394;4441072623;
446887316;4441072623;4441072624;
446887316;4441072624;4441072625;
446887317;4441072626;5284518393;
446887317;5284518393;4441072627;
446887317;4441072627;4441072628;
446887317;4441072628;4441072629;
446887317;4441072629;4441072630;
446887317;4441072630;4441072634;
446887317;4441072634;4441072631;
446887318;4441072624;4441072632;
446887318;4441072632;4441072633;
446887318;4441072633;4441072634;
446887318;4441072634;4441072635;
446887318;4441072635;4441072636;
446887321;4441072669;4441072670;
446887321;4441072670;4441072671;
446887321;4441072671;4441072672;
448190641;4452244284;4523942718;
448190641;4523942718;4452244285;
448190642;4452244284;4452244280;
448190642;4452244280;4452244281;
448190642;4452244281;4452244282;
448190642;4452244282;4452244283;
448190643;1548554601;4452244287;
448190643;4452244287;4452244288;
448190643;4452244288;4452247989;
448190643;4452247989;4452247990;
448190644;4452247990;4452247991;
448190644;4452247991;4452247992;
448190644;4452247992;4452247993;
448190644;4452247993;4452247994;
448190644;4452247994;4452247995;
448190644;4452247995;4452247996;
448190644;4452247996;4452247997;
448190644;4452247997;4452247998;
448190644;4452247998;4452247999;
448190644;4452247999;4452248000;
448190644;4452248000;4452248001;
448190645;4452247995;4452248002;
448190645;4452248002;4452248003;
448190645;4452248003;4452248004;
448190645;4452248004;4452248005;
448190645;4452248005;4452248006;
448190645;4452248006;4452248007;
448190645;4452248007;1548554600;
448195838;4452315764;5291598274;
448195838;5291598274;4452315765;
448195838;4452315765;4452315766;
448195838;4452315766;5291598275;
448195838;5291598275;4452315767;
448195838;4452315767;4452315768;
448195841;4452315785;4452315784;
448195841;4452315784;4452315969;
448195841;4452315969;4452315783;
448568784;4455723064;4455723086;
448568784;4455723086;4455723087;
448568784;4455723087;4455723292;
448568784;4455723292;4455723065;
448568785;4455723066;4455723067;
448568786;4455723082;4455723083;
448568786;4455723083;4455723084;
448568786;4455723084;4455723085;
448568786;4455723085;4455723067;
448568786;4455723067;4455723068;
448568786;4455723068;4455723069;
448568786;4455723069;4455723070;
448568786;4455723070;4455723071;
448568786;4455723071;4455723077;
448568786;4455723077;4455723078;
448568786;4455723078;4455723079;
448568786;4455723079;4455723080;
448568786;4455723080;4455723081;
448568786;4455723081;4455723072;
448568786;4455723072;4455723073;
448568786;4455723073;4455723074;
448568786;4455723074;4455723075;
448568786;4455723075;4455723076;
448568786;4455723076;4455723082;
448568787;4455723081;4455723086;
448568788;4455723087;4455723088;
448568788;4455723088;4455723289;
448568788;4455723289;4455723069;
448568789;4455723290;4455723291;
448568789;4455723291;4455723292;
448568790;411835386;4455723293;
448568790;4455723293;4455723294;
448568790;4455723294;4455723295;
448568791;4455723294;4455723301;
448568791;4455723301;4455723296;
448568792;4455723297;4455723296;
448568792;4455723296;4455723298;
448568792;4455723298;4455723299;
448568793;4455723298;4455723300;
448568794;4455723301;4455723302;
448568795;4455723303;4455723314;
448568795;4455723314;4455723304;
448568795;4455723304;4455723305;
448568795;4455723305;4455723306;
448568795;4455723306;4455723307;
448568795;4455723307;4455723308;
448568795;4455723308;4455723309;
448568795;4455723309;432578922;
448568797;4455723315;4455723318;
448568797;4455723318;4455723316;
448568798;4455723317;4455723318;
448568798;4455723318;4455723319;
448858673;128581937;128583030;
448858673;128583030;128583031;
448858674;412246608;5198960925;
448858674;5198960925;412246607;
448858674;412246607;412246606;
448858674;412246606;412246604;
448858674;412246604;412246603;
448858674;412246603;412246602;
449447636;343634626;4464000763;
449447636;4464000763;343634628;
449447636;343634628;4464000767;
449447636;4464000767;5291836450;
449447636;5291836450;5291836451;
449447637;4464000766;4464000765;
449447637;4464000765;5291836453;
449447637;5291836453;343634626;
450403975;4473265191;4473265192;
450403975;4473265192;4473265193;
450403975;4473265193;4473265194;
450403975;4473265194;4473265195;
450403975;4473265195;4473265196;
450403975;4473265196;4473265197;
450403975;4473265197;4473265198;
450403976;4473265191;4473265200;
450403976;4473265200;4473265199;
450403977;4473265200;4473265201;
450403978;4473265202;4473265206;
450403978;4473265206;4473265203;
450403978;4473265203;4473265204;
450403978;4473265204;4473265205;
450403978;4473265205;4473265206;
450404338;444017063;444017062;
450404338;444017062;444017064;
450404338;444017064;444017060;
450404338;444017060;444017061;
450404338;444017061;444017062;
450404339;4473275397;4473275398;
450404339;4473275398;4473275399;
450404339;4473275399;4473275400;
450404340;4473275401;4473275402;
450408439;4473312168;4751793202;
450408439;4751793202;4473312170;
450408439;4473312170;4751793200;
450408439;4751793200;4751793201;
450408439;4751793201;299594483;
450408440;299594483;408438888;
450408440;408438888;299610586;
450475039;1223751677;5284518414;
450475039;5284518414;4474021947;
450475039;4474021947;5284518415;
450475039;5284518415;1223751602;
450475039;1223751602;5284518416;
450475039;5284518416;4474021949;
450475039;4474021949;5284518417;
450475039;5284518417;4474021938;
450475039;4474021938;5284518418;
450475039;5284518418;784475024;
450475039;784475024;5284518405;
450475039;5284518405;5284518406;
450475039;5284518406;5284518419;
450475039;5284518419;4474021939;
450475039;4474021939;5284518420;
450475039;5284518420;4474021940;
450475039;4474021940;5284518521;
450475039;5284518521;1223751591;
450475039;1223751591;5284518522;
450475039;5284518522;5284518407;
450475039;5284518407;5284518523;
450475039;5284518523;4474021948;
450475039;4474021948;1223751585;
450475039;1223751585;1223751626;
450475041;1223751677;4474021941;
450475041;4474021941;5284518408;
450475041;5284518408;5284518409;
450475041;5284518409;4474021942;
450475041;4474021942;5284518410;
450475041;5284518410;4474021943;
450475041;4474021943;5284518411;
450475041;5284518411;4474021944;
450475041;4474021944;5284518412;
450475041;5284518412;4474021945;
450475041;4474021945;5284518413;
450475041;5284518413;4474021946;
450475041;4474021946;1223751626;
450475041;1223751626;1223751749;
450475041;1223751749;1223751769;
450475041;1223751769;1223751753;
450475041;1223751753;5284518398;
450475041;5284518398;4474021928;
450475041;4474021928;1223751805;
450475041;1223751805;5284518399;
450475041;5284518399;4474021933;
450475041;4474021933;5284518400;
450475041;5284518400;4474021934;
450475041;4474021934;5284518401;
450475041;5284518401;4474021935;
450475041;4474021935;4474021936;
450475041;4474021936;5284518402;
450475041;5284518402;4474021937;
450475041;4474021937;1223751677;
450902731;4478053098;343634638;
450902733;4478053098;4478053123;
450902734;4478053123;4478053124;
450902734;4478053124;4478053125;
450902734;4478053125;4478053126;
450902734;4478053126;4478053127;
450902734;4478053127;4478053128;
450902734;4478053128;4478053129;
450904357;4478069023;4478069024;
450904357;4478069024;4478069025;
450904357;4478069025;4478069026;
450904360;432578853;2066740961;
450904360;2066740961;432578854;
450904361;4478069039;4478069040;
450904361;4478069040;4478069041;
450904361;4478069041;4478069042;
450904361;4478069042;4478069043;
450904361;4478069043;4478069044;
450904361;4478069044;4478069045;
450904361;4478069045;4478069046;
450904362;4478069049;4478069050;
450904363;773982497;297369740;
450904366;4478069055;5284518528;
450904366;5284518528;1838434492;
450904366;1838434492;432578849;
450904366;432578849;432578851;
450904366;432578851;4573598518;
450904366;4573598518;5284518397;
450904366;5284518397;1223751674;
450904366;1223751674;5284518396;
450904366;5284518396;1223751693;
450904366;1223751693;5284518527;
450904366;5284518527;5284518395;
450904366;5284518395;1223751805;
450904367;4478069059;4478069060;
450906827;4478087287;4478087288;
450913084;4478129136;4478129137;
450913084;4478129137;4478129138;
450913084;4478129138;432578839;
450913086;445041885;4478129143;
450913087;4478129143;4478129144;
450913087;4478129144;4478129145;
450913087;4478129145;4478129146;
453725103;299594486;5307607956;
453725103;5307607956;4394003106;
453725103;4394003106;4394003117;
453725103;4394003117;410546930;
453725103;410546930;5307607953;
453835128;1837681068;1837681069;
453839344;4505205706;299599024;
453839344;299599024;299598641;
453839344;299598641;773982499;
453839344;773982499;3570149243;
453839344;3570149243;299597866;
453839344;299597866;299597867;
453839344;299597867;299598639;
453839345;299599148;299592379;
453839345;299592379;5307690016;
453839346;773982494;4505205707;
453839346;4505205707;4478069031;
453839346;4478069031;299599148;
453839348;343634484;343634495;
455315129;4282469045;4517268308;
455315129;4517268308;4517268309;
455315129;4517268309;4517268356;
455315129;4517268356;4282469044;
455315138;4517268343;4517268349;
455315138;4517268349;4517268344;
455315139;4517268343;4517268345;
455315140;4517268345;4517268346;
455315141;4282469037;4523960193;
455315141;4523960193;4517268346;
455315145;4282469037;4517268359;
455315145;4517268359;4517268360;
455315145;4517268360;4573598493;
455315145;4573598493;4517268361;
455315145;4517268361;4517268362;
455315145;4517268362;4517268363;
455315145;4517268363;4517268364;
455315145;4517268364;4517268365;
455315145;4517268365;432578831;
455315147;4517268370;5258475326;
455315147;5258475326;4517268372;
455315147;4517268372;4452244285;
455315148;1548554599;4718388087;
455315148;4718388087;4517268373;
455315148;4517268373;5197902450;
455315148;5197902450;4718388088;
455315148;4718388088;2084090869;
455315148;2084090869;2084090868;
455315148;2084090868;2084090873;
455315148;2084090873;4718388289;
455315148;4718388289;4718388290;
455315148;4718388290;2084090871;
455315148;2084090871;412246602;
456117157;4452244279;4523942704;
456117157;4523942704;5310412093;
456117157;5310412093;4523942705;
456117157;4523942705;4523942706;
456117157;4523942706;4523942707;
456117157;4523942707;412248011;
456117161;4523942720;4523942721;
456117161;4523942721;4452244279;
456118771;4523960189;4534707505;
456118771;4534707505;4523960190;
456118771;4523960190;4523960191;
456405101;4526688769;4526688772;
456405101;4526688772;4526688773;
456405101;4526688773;4526688774;
456405103;4526688784;4526688785;
456405103;4526688785;5291598289;
456405103;5291598289;4526688786;
456405104;416007715;4526688787;
456405104;4526688787;4526688788;
456405104;4526688788;4526689689;
461133007;4441072621;4566736210;
461133007;4566736210;4566736211;
461133007;4566736211;4566736212;
461133007;4566736212;4566736213;
461133007;4566736213;4566736214;
461133007;4566736214;4566736215;
461133007;4566736215;4566736216;
461133008;4441072631;4566736217;
461133008;4566736217;4566736218;
461133008;4566736218;4566736219;
461133008;4566736219;4566736220;
461133008;4566736220;4566736216;
461133009;4441072624;4566736221;
461133009;4566736221;4566736222;
461133009;4566736222;4566736223;
461133009;4566736223;4566736224;
461133009;4566736224;4566736225;
461135460;4566797414;4566797415;
461135460;4566797415;4566797416;
461135460;4566797416;4566797417;
461135460;4566797417;4566797418;
461135460;4566797418;4566797419;
461135460;4566797419;4566797420;
461135460;4566797420;4566797421;
461135462;4566797441;4566797443;
461135462;4566797443;4566797444;
461135462;4566797444;4566797445;
461135462;4566797445;4566797446;
461135462;4566797446;4566797447;
461135462;4566797447;4566797448;
461135462;4566797448;4566797449;
461135462;4566797449;4566797450;
461135463;4566797441;4566797442;
461135464;4566797452;4566797453;
461135465;4566797452;4566797454;
461135465;4566797454;4566797455;
461135465;4566797455;4566797456;
461135465;4566797456;4566797457;
461135465;4566797457;4566797458;
461135465;4566797458;4566797459;
461135465;4566797459;4566797460;
461135465;4566797460;4566797461;
461925683;1223751606;420777495;
461925684;1223751607;1223751681;
461925685;4573598491;4573598492;
461925686;2185848579;430012027;
461925686;430012027;430012058;
461925686;430012058;430012057;
461925686;430012057;4282469042;
461925686;4282469042;432578830;
461925686;432578830;435240898;
461925686;435240898;4282469037;
461925686;4282469037;4282469015;
461925686;4282469015;432578831;
461925687;4282469049;2185848583;
461925687;2185848583;2185848586;
461925687;2185848586;2185848584;
461925687;2185848584;2185848565;
461925687;2185848565;2185848581;
461925687;2185848581;2185848561;
461925687;2185848561;2185848588;
461925687;2185848588;4517268358;
461925687;4517268358;2185848577;
461925687;2185848577;2185848563;
461925687;2185848563;2185848567;
461925687;2185848567;2185848568;
461925687;2185848568;2185848579;
461925688;4573598493;4573598494;
461925688;4573598494;4573598495;
461925688;4573598495;4573598496;
461925688;4573598496;4573598497;
461925688;4573598497;4573598498;
461925688;4573598498;4573598499;
461925688;4573598499;4573598500;
461925688;4573598500;4573598501;
461925688;4573598501;4573598502;
461925688;4573598502;4573598503;
461925688;4573598503;4573598504;
461925689;432578922;5310412100;
461925689;5310412100;432578925;
461925689;432578925;432578930;
461925689;432578930;411835384;
461925689;411835384;411835385;
461925689;411835385;411835386;
461925689;411835386;411835387;
461925689;411835387;4566797451;
461925689;4566797451;4566797453;
461925689;4566797453;411835388;
461925689;411835388;2460915663;
461925689;2460915663;411835389;
461925689;411835389;4566797442;
461925689;4566797442;411835390;
461925689;411835390;411835391;
461925689;411835391;432578817;
461925689;432578817;411835393;
461925689;411835393;411504977;
461925690;435240927;4573598509;
461925690;4573598509;4573598510;
461925690;4573598510;4573598511;
461925690;4573598511;4573598512;
461925690;4573598512;4573598513;
461925690;4573598513;4573598514;
461925690;4573598514;4573598515;
461925690;4573598515;4573598516;
461925690;4573598516;4573598517;
461925690;4573598517;4573598518;
461937905;4573702095;4573702096;
461937906;4573702097;4573702098;
463835631;445439347;4590506319;
463835633;4590506321;4590506320;
463835634;4590506321;4590506322;
463835634;4590506322;4590506323;
463835634;4590506323;4590506324;
463835634;4590506324;4590506325;
463835634;4590506325;4590506326;
463835634;4590506326;4590506321;
474622108;4685339957;4685339958;
474622108;4685339958;4685339968;
474622108;4685339968;4685339959;
474622108;4685339959;4685339960;
474622108;4685339960;4685339961;
474622108;4685339961;4685339962;
474622108;4685339962;4685339963;
474622108;4685339963;4685339964;
474622108;4685339964;4685339965;
474622108;4685339965;4685339966;
474622108;4685339966;4685339967;
478627085;444011318;4718388068;
478627085;4718388068;4718388069;
478627085;4718388069;4718388070;
478627085;4718388070;4718388071;
478627085;4718388071;4718388072;
478627085;4718388072;4718388073;
478627085;4718388073;4718388074;
478627085;4718388074;4718388075;
478627085;4718388075;4718388076;
478627085;4718388076;4718388077;
478627085;4718388077;4718388078;
478627085;4718388078;4718388079;
478627085;4718388079;4718388080;
478627085;4718388080;4718388081;
478627085;4718388081;4718388082;
478627085;4718388082;4718388083;
478627085;4718388083;4718388084;
478627087;4718388075;4718388085;
478627087;4718388085;4718388086;
478882411;4720708102;26015898;
478882411;26015898;26015896;
478882411;26015896;26015894;
478882411;26015894;4720708101;
478882411;4720708101;3522105988;
478882413;26015897;3092764704;
478882414;26015895;3092764694;
478882414;3092764694;26015897;
478882415;26015891;4720663314;
478882416;26015889;26015891;
478882417;4720663314;3092764707;
478882417;3092764707;3092764719;
478882417;3092764719;26015895;
478882418;26015879;3092764711;
478882418;3092764711;26015881;
478882418;26015881;26015883;
478882418;26015883;26015885;
478882418;26015885;3713816543;
478882418;3713816543;3713666411;
478882418;3713666411;3092764695;
478882418;3092764695;26015887;
478882418;26015887;3713666410;
478882418;3713666410;3092764692;
478882418;3092764692;26015889;
478882419;4720663315;4720708096;
478882419;4720708096;4309177018;
478882419;4309177018;3713666407;
478886767;130075498;444023189;
478886768;444023189;3092747279;
478886769;130075497;130075498;
478886770;130075494;130075495;
478886770;130075495;130075496;
478886770;130075496;130075497;
478886771;3092747273;26015874;
478886772;299612575;3092747273;
478886773;4720708094;299612575;
478886774;409118177;4720708094;
478886775;4720708097;26015878;
478886775;26015878;4720708100;
478886776;4720708100;4720708098;
478886776;4720708098;409118177;
478886777;26015884;3092764713;
478886777;3092764713;4731623572;
478886777;4731623572;26015882;
478886777;26015882;26015880;
478886777;26015880;3092764706;
478886777;3092764706;4720708097;
478886778;3522105988;26015892;
478886779;128583855;3092764691;
478886779;3092764691;4720708102;
479365563;3092764696;26015908;
479365563;26015908;26015906;
479365563;26015906;26015904;
479365563;26015904;26015902;
479365563;26015902;26015900;
479365563;26015900;128583855;
480084927;4731603472;411644943;
480084927;411644943;1209790969;
480084927;1209790969;4731603473;
480084927;4731603473;5291598248;
480084927;5291598248;5291598249;
480084927;5291598249;5291598250;
480084928;128579825;128579831;
480084928;128579831;128579832;
480084928;128579832;128579264;
480084929;128578702;128578704;
480084929;128578704;4731603466;
480084929;4731603466;128578706;
480140398;2490198483;128583033;
480140399;128586501;128591901;
480140399;128591901;5291597604;
480140399;5291597604;128591902;
480140399;128591902;5291597603;
480140399;5291597603;128591905;
480140399;128591905;5291598252;
480140399;5291598252;5291598247;
480140399;5291598247;5291598251;
480140399;5291598251;4731603469;
480140400;128587416;128591046;
480140400;128591046;128591048;
480140400;128591048;128591050;
480140400;128591050;128591054;
480140401;128607704;2354389960;
480140401;2354389960;2354389959;
480140401;2354389959;2354389951;
480140401;2354389951;128588858;
480140405;128578706;4731603472;
480140406;128583756;3092764700;
480140406;3092764700;128583757;
480140406;128583757;3092764701;
480140406;3092764701;128583855;
480140407;1999553112;4731603473;
480140407;4731603473;4731603474;
480140407;4731603474;138205703;
480140407;138205703;2490198479;
480142667;3713666407;26015879;
480146192;26015872;26015870;
480146192;26015870;26015868;
480146195;4731670852;1352646988;
480146196;1352647030;4731670852;
480146198;130075590;4731670857;
480146198;4731670857;3092747266;
480146198;3092747266;130075593;
480146199;1352647022;1352647030;
480146200;1290243437;3092747272;
480146200;3092747272;1352647022;
480146201;4464130485;319327507;
480146202;4731670868;1290243437;
480146203;4731670867;1352647035;
480146204;1352663655;1352663679;
480146205;1352663664;4464130484;
480146205;4464130484;1352663651;
480146206;1352647035;1352663664;
480148058;130075493;130075494;
480149866;3092747279;130075499;
480149866;130075499;3092747274;
482331424;4473312168;1541417335;
482331424;1541417335;5291836418;
482331424;5291836418;299575942;
482331424;299575942;773982486;
482331424;773982486;299610705;
482331424;299610705;3897692280;
482331424;3897692280;2295955853;
482331424;2295955853;299610700;
482331424;299610700;299575943;
482331424;299575943;416355034;
482331424;416355034;4492375941;
482331424;4492375941;299611716;
482331424;299611716;299611755;
482331424;299611755;299575944;
482331424;299575944;299611700;
482331425;4393941395;297369728;
482331426;297369728;297369729;
536615643;5198412998;5198563367;
536615643;5198563367;5197893111;
536615643;5197893111;5197876894;
536615643;5197876894;5197876895;
536615643;5197876895;5197876896;
536615643;5197876896;5197876897;
536618473;5197893110;5197893111;
536618474;5197893112;5197895924;
536618474;5197895924;5454496156;
536618474;5454496156;5197895922;
536618474;5197895922;5197895921;
536618474;5197895921;5197893120;
536618474;5197893120;5197893119;
536618474;5197893119;5197895926;
536618474;5197895926;5197893118;
536618474;5197893118;5197893117;
536618474;5197893117;5197893116;
536618474;5197893116;5197895927;
536618474;5197895927;5197895929;
536618474;5197895929;5197893115;
536618474;5197893115;5197893114;
536618474;5197893114;5197893113;
536618475;5198412996;5198563368;
536618475;5198563368;5197895924;
536618476;5197895925;5197895926;
536618477;5197895927;5197895928;
536618478;5197895929;5197895930;
536619532;5197902450;5198563369;
536619532;5198563369;5197902453;
536619532;5197902453;5198360484;
536619532;5198360484;5197902451;
536685073;5198360484;5198360485;
536685073;5198360485;5198360488;
536685073;5198360488;5198360489;
536685073;5198360489;5198360492;
536685074;5198360489;5198360493;
536685075;5198360492;5198360487;
536685075;5198360487;5198360486;
536685076;5198360493;5198360490;
536685076;5198360490;5198360491;
536692974;5198412991;5198563362;
536692974;5198563362;5198539827;
536692974;5198539827;5198412992;
536692982;5198413634;5198413633;
536692994;5198413681;5198413682;
536692994;5198413682;5198413680;
536692994;5198413680;5198413683;
536692995;5198413683;5198413684;
536692996;5198413684;5198413679;
536714311;299583501;5307690004;
536714311;5307690004;4478069063;
536714314;5307690020;4731670864;
536714314;4731670864;1352646998;
536714314;1352646998;4731670861;
536714314;4731670861;130075590;
536714314;130075590;4464130485;
536714321;1352663634;1731169566;
536714321;1731169566;1106006333;
536714324;5198563342;5198563343;
536714324;5198563343;5198563345;
536714324;5198563345;5198563346;
536714324;5198563346;5198563344;
536754238;297369744;297369743;
536754238;297369743;4455723064;
536754238;4455723064;297369742;
536754238;297369742;401623785;
536754238;401623785;432578825;
536754238;432578825;297369732;
536754238;297369732;773982487;
536754238;773982487;299598676;
536754238;299598676;299574096;
536754238;299574096;4478069050;
536754238;4478069050;432578798;
536754238;432578798;299573551;
536754238;299573551;4452315785;
536754238;4452315785;432578800;
536754238;432578800;4452315783;
536754238;4452315783;299573943;
536754238;299573943;299608221;
536757756;5198958791;5198958105;
536758472;5198960925;5198960926;
546885674;5284498223;5284498229;
546885674;5284498229;5284498230;
546885674;5284498230;5284498231;
546885674;5284498231;4573702099;
546885674;4573702099;5291836460;
546885674;5291836460;1290727908;
547657329;2354389949;5291597619;
547657329;5291597619;5291597612;
547657329;5291597612;5291597618;
547657329;5291597618;5291597613;
547657329;5291597613;5291597614;
547657329;5291597614;5291597615;
547657329;5291597615;5291597617;
547657329;5291597617;5291597616;
547657329;5291597616;128597080;
547657330;5291598240;5291597602;
547657331;5291597602;128606054;
547657331;128606054;2354389947;
547657331;2354389947;128607704;
547657332;5291598235;5291598253;
547657332;5291598253;5291598254;
547657332;5291598254;3092764712;
547657332;3092764712;5291598255;
547657332;5291598255;138206144;
547657332;138206144;138206145;
547657332;138206145;138206146;
547657332;138206146;5291598256;
547657332;5291598256;2490198481;
547657332;2490198481;138206148;
547657332;138206148;128583756;
547657333;5291598235;5291598236;
547657333;5291598236;5291598237;
547657333;5291598237;5291598250;
547657333;5291598250;5291598238;
547657334;5291598238;5291598239;
547657334;5291598239;5291598240;
547657335;5291598240;5291598241;
547657335;5291598241;5291598242;
547657335;5291598242;5291598243;
547657335;5291598243;5291598244;
547657335;5291598244;5291598245;
547657335;5291598245;5291598246;
547657335;5291598246;2354389960;
547657336;2490198476;5291598234;
547657337;5291598234;5291598235;
547657338;5291598263;5291598264;
547657338;5291598264;5291598262;
547657338;5291598262;5291598261;
547657338;5291598261;5291598260;
547657338;5291598260;2084093829;
547689854;406359726;5291836414;
547689854;5291836414;5291836415;
547689854;5291836415;5291836421;
547689854;5291836421;5291836416;
547689854;5291836416;5291836420;
547689854;5291836420;5291836417;
547689854;5291836417;5291836418;
547693392;4792263729;299610766;
547693392;299610766;299610718;
547693392;299610718;299610763;
547693392;299610763;1290733867;
547693392;1290733867;408438890;
547693392;408438890;3897692278;
547693392;3897692278;3897692279;
547693392;3897692279;418198684;
547693392;418198684;1165604056;
547693392;1165604056;5284495407;
547693392;5284495407;5284495406;
547693392;5284495406;5284495405;
547693392;5284495405;5284495404;
547693392;5284495404;5284495408;
547693392;5284495408;299610705;
549444946;1842003097;1352663656;
549444947;1352663656;1352663655;
549444950;1352663678;5307607951;
549444954;1352663651;5307607945;
549444961;5307607951;5307607950;
549444965;5307607950;1352663628;
549444969;1352663628;1842003095;
549444969;1842003095;5307607954;
549444975;5307607953;410546925;
549444979;410546925;5307607952;
549444979;5307607952;1352663666;
549444981;1352663666;5307607946;
549444981;5307607946;1352663673;
549444981;1352663673;1842003097;
549444982;5307607954;4394002983;
549444982;4394002983;1352646984;
549444982;1352646984;1352663653;
549454254;5307689999;299583501;
549454255;4478069063;1352663634;
549454256;1106006333;299592090;
549454256;299592090;4478069061;
549454258;1352663634;5307690009;
549454259;5307690013;5307690012;
549454259;5307690012;1106006315;
549454259;1106006315;5307690223;
549454259;5307690223;1352647025;
549454260;1352647025;5307690014;
549454260;5307690014;5307690019;
549454261;5307690016;4731670865;
549454261;4731670865;5307690020;
549454262;5307690020;1352647001;
549454263;5307690019;5307690018;
549454263;5307690018;5307690017;
549454263;5307690017;5307690015;
549454263;5307690015;5307690020;
549454264;1352647001;4731670853;
549454264;4731670853;4394003185;
549454264;4394003185;5198563341;
549454264;5198563341;5307690019;
566391519;5454496152;5454496153;
566391519;5454496153;5454496155;
566391519;5454496155;5198412992;
566391520;5198412992;5454496154;
566391521;5454496156;5454496157;
566391527;4452244284;4452244279;
