20187399;213468330;213468332;
20187399;213468332;213468335;
20187399;213468335;213468338;
20188776;213488084;213488086;
20188776;213488086;213488087;
20188776;213488087;213488088;
20188776;213488088;213488090;
20188776;213488090;213488092;
20188776;213488092;213488093;
20188776;213488093;213488095;
20188776;213488095;213488097;
20189058;213492238;213492240;
20189912;213504601;213504604;
20192276;213539019;213539021;
20192276;213539021;213539022;
20192679;213543505;213543508;
20194231;213565697;213565698;
20194231;213565698;213565700;
20194231;213565700;213565702;
20194231;213565702;213565704;
20194231;213565704;213565706;
20194231;213565706;213565708;
20194231;213565708;213565710;
20194231;213565710;213565712;
20194231;213565712;213565714;
20194231;213565714;213565716;
20194231;213565716;213565718;
20194231;213565718;213565720;
20194231;213565720;213565722;
20194231;213565722;213565724;
20194231;213565724;213565725;
20194231;213565725;213565726;
20194231;213565726;213565727;
20194231;213565727;213565728;
20194231;213565728;213565730;
20194231;213565730;213565732;
20194231;213565732;213565735;
20194231;213565735;213565736;
20194231;213565736;213565737;
20194287;213566383;213566385;
20194287;213566385;213566387;
20194287;213566387;213566389;
20194287;213566389;213566390;
20194287;213566390;213566391;
20194287;213566391;213566392;
20194287;213566392;213450423;
20194287;213450423;213566394;
20194287;213566394;213566395;
20194287;213566395;213566397;
20194287;213566397;213566398;
20194287;213566398;213566400;
20194287;213566400;213566403;
20194287;213566403;213566405;
20194287;213566405;213566407;
20194287;213566407;213566410;
20194287;213566410;213566412;
20194287;213566412;213566414;
20194893;213572623;213572626;
20194893;213572626;213572628;
20194893;213572628;213572631;
20194893;213572631;213572633;
20194893;213572633;213572636;
20194893;213572636;213572640;
20194893;213572640;213572643;
20194893;213572643;213572647;
20194893;213572647;213572648;
20194893;213572648;213572650;
20194893;213572650;213572652;
20194893;213572652;213572654;
20194893;213572654;213572658;
20194893;213572658;213572660;
20194893;213572660;213572663;
20194943;213573179;213573182;
20195860;213476333;213582301;
20195860;213582301;213582305;
20195860;213582305;213582308;
20196874;213591707;213591710;
20196874;213591710;213591712;
20196874;213591712;213591717;
20196874;213591717;213591720;
20196874;213591720;213591723;
20196874;213591723;213543505;
20197018;213593196;213593200;
20197018;213593200;213593203;
20197018;213593203;213593205;
20197018;213593205;213593207;
20197018;213593207;213593211;
20197018;213593211;213593214;
20197018;213593214;213593216;
20197018;213593216;213593218;
20197018;213593218;213593221;
20197018;213593221;213593224;
20197018;213593224;213593226;
20197018;213593226;213593228;
20197018;213593228;213593231;
20197018;213593231;213593234;
20197018;213593234;213593236;
20197018;213593236;213476332;
20197018;213476332;213593238;
20197018;213593238;213593239;
20197018;213593239;213593242;
20197018;213593242;213593249;
20197018;213593249;444159524;
20197018;444159524;213593252;
20197018;213593252;213593258;
20197018;213593258;2452242312;
20197018;2452242312;2452239525;
20197018;2452239525;2452239519;
20197018;2452239519;213593270;
20197018;213593270;213593272;
20197018;213593272;213593276;
20197018;213593276;213593279;
20197018;213593279;213593282;
20197018;213593282;213593285;
20197018;213593285;213593288;
20197018;213593288;444159514;
20197018;444159514;213593291;
20197018;213593291;444159516;
20197018;444159516;444159511;
20197018;444159511;444159510;
20197018;444159510;444159513;
20197018;444159513;444159512;
20197018;444159512;444159481;
20197018;444159481;444159522;
20197018;444159522;444159484;
20197018;444159484;5348887286;
20197018;5348887286;444159485;
20197306;213596355;213596358;
20197306;213596358;213596359;
20197306;213596359;213596362;
20197306;213596362;213596365;
20197306;213596365;213596368;
20197306;213596368;213596371;
20197526;213598908;213598911;
20197526;213598911;213598915;
20197526;213598915;213598916;
20197526;213598916;213598918;
20197526;213598918;213598924;
20197526;213598924;213598935;
20197526;213598935;213598938;
20197526;213598938;213598941;
20197526;213598941;213598944;
20197526;213598944;213476326;
20197631;213599899;213599902;
20197631;213599902;213599905;
20197798;213601284;213601288;
20197798;213601288;213601295;
20197798;213601295;213601299;
20197798;213601299;213601301;
20197798;213601301;213601304;
20200706;213628565;213628568;
20200706;213628568;213628570;
20200706;213628570;213628572;
20200706;213628572;213628575;
20200706;213628575;213628576;
20200706;213628576;213628578;
20200706;213628578;213628581;
20200706;213628581;213628583;
20200706;213628583;213628585;
20200706;213628585;213628588;
20200706;213628588;213628591;
20200706;213628591;213628594;
20200706;213628594;213628597;
20200706;213628597;213628601;
20200721;213628727;213628728;
20200721;213628728;213628730;
20200721;213628730;213628733;
20200721;213628733;213628736;
20200721;213628736;213628739;
20200721;213628739;213628743;
20200721;213628743;213628746;
20200721;213628746;213628748;
20200721;213628748;213628750;
20200721;213628750;213628753;
20201096;213632302;213632305;
20201096;213632305;213632307;
20201096;213632307;213632309;
20201096;213632309;213632311;
20201096;213632311;213596355;
20201096;213596355;213632314;
20201096;213632314;213632317;
20201096;213632317;213632320;
20201096;213632320;213632322;
20201096;213632322;213632325;
20201096;213632325;213632328;
20201096;213632328;213632330;
20201096;213632330;213632332;
20201096;213632332;213632335;
20201096;213632335;213632337;
20201096;213632337;213632339;
20204738;213667223;213667225;
20204738;213667225;213667227;
20204738;213667227;213667229;
20204738;213667229;213667231;
20204738;213667231;213667233;
20204738;213667233;213488084;
20204738;213488084;213667234;
20204738;213667234;213667235;
20204738;213667235;213667238;
20204738;213667238;213667239;
20204738;213667239;213667240;
20204738;213667240;213667242;
20204738;213667242;213667244;
20204738;213667244;213667245;
20204738;213667245;213667257;
20204738;213667257;213667260;
20204738;213667260;213667263;
20204738;213667263;213667266;
20204738;213667266;213667268;
20204738;213667268;213667269;
20204738;213667269;213667272;
20204738;213667272;213667275;
20204738;213667275;213667279;
20204738;213667279;213667282;
20205723;213676092;213676095;
20207410;213689450;213689453;
20207410;213689453;213689455;
20207410;213689455;213689457;
20207410;213689457;213689461;
20207410;213689461;213689463;
20207410;213689463;213689465;
20207410;213689465;213689468;
20208499;213698466;213698469;
20208499;213698469;213698472;
20208499;213698472;213698476;
20208499;213698476;213698479;
20208499;213698479;213698482;
20208499;213698482;213698484;
20208499;213698484;213698487;
20208499;213698487;213698489;
20208499;213698489;213698491;
20208499;213698491;213698494;
20208499;213698494;213698499;
20208499;213698499;213698502;
20208680;213700135;213700138;
20209965;213714166;213714168;
20209965;213714168;213714170;
20209965;213714170;213714172;
20209965;213714172;213714174;
20209965;213714174;213714176;
20210513;213721360;213721363;
20210513;213721363;213721367;
20210513;213721367;213721371;
20210513;213721371;213721374;
20210513;213721374;213721377;
20210513;213721377;213721380;
20211409;213735434;213566414;
20211409;213566414;213735437;
20211409;213735437;213450427;
20211409;213450427;213735440;
20211409;213735440;213735442;
20211409;213735442;213735444;
20211409;213735444;213735446;
20211409;213735446;213735448;
20211409;213735448;213735450;
20211409;213735450;213475179;
20213069;213758522;213758526;
20213069;213758526;213565737;
20213069;213565737;213758530;
20213069;213758530;213758533;
20213069;213758533;213758537;
20213069;213758537;213758551;
20213069;213758551;213476323;
20213395;213763757;213582301;
20213591;213766141;213766145;
20213591;213766145;213766149;
20213591;213766149;213766152;
20213591;213766152;213766155;
20213591;213766155;213766158;
20213591;213766158;213766160;
20213817;213476341;213769303;
20213873;213770309;213770324;
20213873;213770324;213770331;
20214880;213593242;213786088;
20214880;213786088;213786093;
20214880;213786093;213786098;
20214880;213786098;213786100;
20214880;213786100;213786117;
20214880;213786117;213786120;
20214880;213786120;213786122;
20214880;213786122;213786126;
20214880;213786126;213343885;
20214880;213343885;213786130;
20214880;213786130;213786135;
20214880;213786135;213786141;
20214880;213786141;213786147;
20214880;213786147;213786150;
20214880;213786150;213476335;
20215505;213796765;213796768;
20215505;213796768;213796770;
20215505;213796770;213667223;
20215505;213667223;213796773;
20215505;213796773;213796775;
20215726;213799997;213800000;
20215726;213800000;213800003;
20216431;213628565;213809133;
20216431;213809133;213809137;
20216431;213809137;213809140;
20216431;213809140;213809143;
20216431;213809143;213809148;
20216431;213809148;213809152;
20216431;213809152;213809157;
20216431;213809157;213809160;
20216431;213809160;213809163;
20216431;213809163;213735434;
20216431;213735434;213698502;
20218220;213833944;213833948;
20218220;213833948;213833950;
20218220;213833950;213833953;
20218220;213833953;213833956;
20218220;213833956;213833959;
20218220;213833959;213833961;
20218221;213833961;213833968;
20218221;213833968;213833972;
20218221;213833972;213833975;
20218221;213833975;213833979;
20218221;213833979;213833983;
20218828;213593234;213842288;
20218828;213842288;213842291;
20218828;213842291;213842294;
20218828;213842294;213842296;
20218828;213842296;213842299;
20218828;213842299;213842301;
20218828;213842301;213758551;
20219032;213844588;213844591;
20219032;213844591;213844594;
20219032;213844594;213844597;
20219032;213844597;213844600;
20219032;213844600;213844604;
20219032;213844604;213844607;
20219032;213844607;213844611;
20219032;213844611;213844614;
20219032;213844614;213844617;
20219032;213844617;213844620;
20219032;213844620;213769303;
20219032;213769303;213844623;
20219032;213844623;213844626;
20219032;213844626;213844629;
20219032;213844629;213844632;
20219032;213844632;213844638;
20219032;213844638;213844641;
20219032;213844641;213844646;
20219032;213844646;213844648;
20219032;213844648;213844650;
20219032;213844650;213844652;
20219032;213844652;213844654;
20219032;213844654;213844657;
20219032;213844657;213844661;
20219032;213844661;213844664;
20219032;213844664;213844667;
20219032;213844667;213844670;
20219917;213855369;213855372;
20219917;213855372;213855375;
20219917;213855375;213855378;
20219917;213855378;213855382;
20219917;213855382;213855385;
20219917;213855385;213855388;
20219917;213855388;213855390;
20219917;213855390;213855393;
20219917;213855393;213632339;
20219917;213632339;213855397;
20219917;213855397;213855401;
20219917;213855401;213855405;
20219917;213855405;213855407;
20219917;213855407;213855410;
20219917;213855410;213855413;
20219917;213855413;213855416;
20219917;213855416;213855418;
20219917;213855418;213855421;
20221634;213877922;213475190;
20221634;213475190;213877926;
20221634;213877926;213877930;
20221634;213877930;213450435;
20221634;213450435;213877932;
20221634;213877932;213468330;
20221634;213468330;213698502;
20221634;213698502;213877935;
20221634;213877935;213593218;
20221634;213593218;5331414674;
20221634;5331414674;213877938;
20221634;213877938;213877941;
20221634;213877941;213855421;
20221634;213855421;213877946;
20221634;213877946;213877951;
20221634;213877951;213877957;
20221634;213877957;213492240;
20221634;213492240;213877959;
20221634;213877959;213877961;
20221634;213877961;213877964;
20221634;213877964;213877967;
20221634;213877967;213877970;
20221634;213877970;213845450;
20221634;213845450;213877987;
20221634;213877987;213877992;
20221634;213877992;213877995;
20221634;213877995;213502749;
20222749;213593224;5331414675;
20222749;5331414675;213894606;
20222822;213476344;213895411;
20222822;213895411;213895421;
20223654;213903082;213903086;
20223727;213903787;213903790;
20223727;213903790;213903794;
20223727;213903794;213903799;
20223727;213903799;213903803;
20223727;213903803;213903807;
20223727;213903807;213903811;
20223727;213903811;213903815;
20223727;213903815;213903819;
20225215;213833961;213930450;
20225215;213930450;213930454;
20225215;213930454;213930457;
20225215;213930457;213903086;
20225215;213903086;213676095;
20225215;213676095;213930459;
20225215;213930459;213930463;
20225215;213930463;213930472;
20225215;213930472;213930476;
20225215;213930476;213930484;
20225215;213930484;213930487;
20225215;213930487;213930491;
20225452;213934944;213934948;
20225452;213934948;213934952;
20225452;213934952;213934956;
20225452;213934956;213628753;
20225452;213628753;213934960;
20225452;213934960;213934964;
20225452;213934964;213934968;
20225452;213934968;213934971;
20225452;213934971;213934974;
20225452;213934974;213934976;
20225452;213934976;213934979;
20225452;213934979;213934982;
20226026;213942652;213942656;
20226026;213942656;213942660;
20226026;213942660;213942661;
20226026;213942661;213942665;
20226026;213942665;213714176;
20226026;213714176;213903082;
20226026;213903082;213942671;
20226026;213942671;213942676;
20226026;213942676;213942680;
20226026;213942680;213601284;
20226026;213601284;213942684;
20226026;213942684;213942688;
20226026;213942688;213833944;
20226026;213833944;213903787;
20226026;213903787;213721360;
20226026;213721360;213942692;
20226026;213942692;213942694;
20226026;213942694;213942697;
20226026;213942697;213942701;
20226026;213942701;213942705;
20226026;213942705;213942714;
20226026;213942714;213942717;
20226026;213942717;213942722;
20226026;213942722;213942725;
20226026;213942725;213942731;
20226026;213942731;213942734;
20226026;213942734;213942737;
20226026;213942737;213942740;
20226026;213942740;213942744;
20226026;213942744;213877967;
20226073;213844650;213943310;
20226073;213943310;213943312;
20226073;213943312;213943316;
20226073;213943316;213943320;
20226073;213943320;213943323;
20226073;213943323;213943327;
20228258;213979095;213979101;
20228258;213979101;213565736;
20228567;213977083;213983856;
20228567;213983856;213983859;
20228567;213983859;213983863;
20228567;213983863;213983868;
20228567;213983868;213983873;
20228567;213983873;213983876;
20229537;213714172;213998099;
20229537;213998099;213998103;
20229537;213998103;213998107;
20229537;213998107;213998112;
20229537;213998112;213998124;
20229537;213998124;213998127;
20229537;213998127;213998131;
20229537;213998131;213601304;
20229537;213601304;213998136;
20229537;213998136;213998139;
20229537;213998139;213998144;
20229537;213998144;213903819;
20229537;213903819;213943327;
20229537;213943327;213998148;
20229537;213998148;213998153;
20229537;213998153;213998157;
20229537;213998157;213998165;
20229537;213998165;213998168;
20229846;214003230;213599899;
20229846;213599899;214003235;
20229846;214003235;214003239;
20229846;214003239;214003243;
20229846;214003243;214003246;
20229846;214003246;213509316;
20230166;213593228;213591710;
20230166;213591710;213698466;
20230166;213698466;214008109;
20230166;214008109;213565714;
20230166;213565714;213783060;
20230166;213783060;213979095;
20230166;213979095;214008111;
20230166;214008111;214008115;
20230291;213628736;214009785;
20230291;214009785;214009788;
20230474;213476347;214011737;
20230474;214011737;214011741;
20230474;214011741;214011744;
20230474;214011744;214011748;
20230474;214011748;213844670;
20230474;213844670;214011752;
20230474;214011752;213998165;
20231581;213628572;214025960;
20231581;214025960;214025965;
20231581;214025965;214025969;
20231581;214025969;214025971;
20231581;214025971;214025973;
20231581;214025973;214025979;
20231581;214025979;214025984;
20231581;214025984;214025988;
20231581;214025988;213983876;
20231581;213983876;214025991;
20231581;214025991;214025995;
20231581;214025995;214025999;
20231581;214025999;213628601;
20231581;213628601;214026005;
20232407;214037186;214037187;
20232407;214037187;214037190;
20232407;214037190;214037195;
20232407;214037195;214037200;
20232407;214037200;213714166;
20232407;213714166;214037205;
20232407;214037205;213582305;
20233112;213977096;214046578;
20233112;214046578;214046579;
20233112;214046579;214046581;
20233112;214046581;214046584;
20233112;214046584;213632302;
20233112;213632302;214046585;
20233112;214046585;214046589;
20233112;214046589;214046593;
20233112;214046593;214046597;
20233112;214046597;214046601;
20233112;214046601;214046604;
20233112;214046604;214046608;
20233112;214046608;214046611;
20233112;214046611;213628727;
20233112;213628727;214046614;
20233112;214046614;214046618;
20233112;214046618;214046622;
20233112;214046622;214046626;
20233112;214046626;213977114;
20233679;213877970;214054776;
20233679;214054776;214054777;
20233679;214054777;214054778;
20233679;214054778;214054781;
20233679;214054781;214054784;
20233679;214054784;213667282;
20233679;213667282;214054788;
20233679;214054788;214054792;
20233679;214054792;214054795;
20233679;214054795;214054801;
20233679;214054801;213689450;
20233679;213689450;213488097;
20233679;213488097;214054807;
20233679;214054807;213796775;
20233679;213796775;214054810;
20233679;214054810;214054813;
20233679;214054813;214054818;
20235852;213593214;214083971;
20235852;214083971;214083974;
20235852;214083974;214083977;
20235852;214083977;214083980;
20235852;214083980;214083981;
20235852;214083981;213628565;
20239301;213758522;214131234;
20239301;214131234;214131238;
20239301;214131238;214131241;
20239301;214131241;213620922;
20239301;213620922;213769942;
20239301;213769942;214131246;
20239301;214131246;213458279;
20239301;213458279;213673349;
20239301;213673349;214131249;
20239301;214131249;214131252;
20239301;214131252;214131255;
20239301;214131255;214131258;
20239301;214131258;214131261;
20239301;214131261;214131263;
20239301;214131263;214131268;
20239301;214131268;214131276;
20239301;214131276;214131279;
20239301;214131279;213574204;
20239877;213593205;214138944;
20239877;214138944;214138949;
20239877;214138949;213572663;
20239877;213572663;214138953;
20239877;214138953;214138957;
20239877;214138957;214138961;
20239877;214138961;213700138;
20239877;213700138;214138964;
20239877;214138964;214138968;
20239877;214138968;214138972;
20239877;214138972;214138978;
20239877;214138978;214138981;
20239877;214138981;214138984;
20239877;214138984;213596371;
20239877;213596371;214138988;
20239877;214138988;213572623;
20239877;213572623;214138991;
20239877;214138991;214138994;
20239877;214138994;213539022;
20239877;213539022;213977094;
20240055;213766145;214141448;
20240055;214141448;214141453;
20240055;214141453;214141457;
20240055;214141457;214141463;
20240055;214141463;214141468;
20240055;214141468;214141472;
20240055;214141472;214141476;
20240055;214141476;214141480;
20240055;214141480;213763783;
20240461;214147315;214003230;
20240461;214003230;213701726;
20240461;213701726;213691380;
20240461;213691380;214044981;
20240461;214044981;214147317;
20240461;214147317;214147319;
20240461;214147319;214147323;
20240461;214147323;214147328;
20240461;214147328;214147332;
20240461;214147332;214147336;
20240461;214147336;213977080;
20241375;214147315;214158919;
20241375;214158919;214158923;
20241375;214158923;214158927;
20241375;214158927;214158931;
20241375;214158931;214158935;
20241375;214158935;214158940;
20241375;214158940;214158946;
20241375;214158946;214158951;
20241375;214158951;214158955;
20241375;214158955;213509313;
20241375;213509313;214158959;
20241375;214158959;213735604;
20242694;214174868;214174871;
20242694;214174871;214174873;
20242694;214174873;214174876;
20242694;214174876;214174879;
20242694;214174879;214174883;
20242694;214174883;214174887;
20242694;214174887;214174891;
20242694;214174891;214174895;
20242694;214174895;213934982;
20242694;213934982;214174899;
20242694;214174899;213766141;
20242694;213766141;214174903;
20242694;214174903;214054818;
20242694;214054818;214174908;
20242694;214174908;214174912;
20242694;214174912;214174917;
20242694;214174917;214174921;
20242694;214174921;213763795;
20242694;213763795;214174925;
20242694;214174925;214174931;
20242694;214174931;214174935;
20242694;214174935;214174939;
20242694;214174939;214174942;
20242694;214174942;213530359;
20242694;213530359;214137433;
20242694;214137433;214174944;
20242694;214174944;214174946;
20242694;214174946;214174950;
20242694;214174950;213609428;
20242694;213609428;214174955;
20242694;214174955;214174958;
20242694;214174958;214174961;
20242694;214174961;214174963;
20242694;214174963;214174966;
20242694;214174966;214174970;
20242694;214174970;214174974;
20242694;214174974;214174978;
20242694;214174978;213491205;
20242694;213491205;214174982;
20242694;214174982;214174989;
20242694;214174989;214174993;
20242694;214174993;214174997;
20242694;214174997;214175001;
20242694;214175001;214175005;
20242694;214175005;214175009;
20242694;214175009;213977147;
20244070;213844617;214192660;
20244070;214192660;214192662;
20244070;214192662;214192666;
20244070;214192666;214192669;
20244070;214192669;214192673;
20244070;214192673;214192677;
20244070;214192677;213998127;
20244610;214200211;4610660196;
20244610;4610660196;214200214;
20246582;214192666;214232173;
20246582;214232173;214232176;
20246582;214232176;214232179;
20246582;214232179;214232183;
20246582;214232183;214232187;
20246582;214232187;214232191;
20246582;214232191;214232195;
20246582;214232195;214232199;
20246582;214232199;213943323;
20246679;213977085;214234198;
20246679;214234198;214234202;
20246679;214234202;214234206;
20246679;214234206;214234210;
20246679;214234210;214234214;
20246679;214234214;214147315;
20247019;214239781;214239785;
20247019;214239785;214239789;
20247019;214239789;214239793;
20247019;214239793;213877938;
20249037;213977089;214273280;
20249037;214273280;214273284;
20249037;214273284;214273288;
20249037;214273288;214273291;
20249037;214273291;214144716;
20249507;213855405;214281057;
20249507;214281057;214281061;
20249507;214281061;214281064;
20249507;214281064;214281068;
20249507;214281068;214281071;
20249507;214281071;214281074;
20249507;214281074;214281076;
20249507;214281076;214281085;
20249507;214281085;214281092;
20249507;214281092;214281097;
20249772;213763775;214285468;
20249772;214285468;214285471;
20249772;214285471;214285474;
20249772;214285474;214285480;
20249772;214285480;214285484;
20249772;214285484;214285488;
20249772;214285488;214285491;
20249772;214285491;214285495;
20249772;214285495;214285499;
20249772;214285499;213766160;
20249772;213766160;214285503;
20249772;214285503;214285507;
20249772;214285507;214285511;
20249772;214285511;214285515;
20249772;214285515;214285517;
20249772;214285517;214285521;
20249772;214285521;214285525;
20249772;214285525;214285529;
20249772;214285529;213934956;
20250137;213894606;214294170;
20250137;214294170;214294174;
20250137;214294174;214294178;
20250137;214294178;214294182;
20250137;214294182;214294187;
20250137;214294187;214294192;
20250137;214294192;214239781;
20250137;214239781;214294197;
20250137;214294197;214294202;
20250137;214294202;214294206;
20250137;214294206;214294210;
20250137;214294210;214294213;
20250137;214294213;214294217;
20250137;214294217;213676092;
20250137;213676092;214294221;
20250137;214294221;214294225;
20250137;214294225;213492238;
20250137;213492238;214294232;
20250137;214294232;214294239;
20250137;214294239;214294243;
20250137;214294243;213833983;
20250137;213833983;213721380;
20250137;213721380;214294247;
20250137;214294247;213942734;
20250289;213491796;214296404;
20250289;214296404;214296408;
20250289;214296408;214296413;
20250289;214296413;214296416;
20250289;214296416;214296418;
20250289;214296418;213728146;
20250289;213728146;214296420;
20250289;214296420;214296421;
20250289;214296421;214296423;
20250289;214296423;214296425;
20250289;214296425;213468335;
20250289;213468335;213565697;
20250289;213565697;214296429;
20250289;214296429;214296435;
20250289;214296435;214296439;
20250289;214296439;213698489;
20250640;214008109;214302485;
20250742;213565724;214304066;
20250742;214304066;214304073;
20250742;214304073;214304076;
20250742;214304076;214304080;
20250742;214304080;214304084;
20250742;214304084;213543505;
20250869;213877957;214306069;
20250869;214306069;214306073;
20250869;214306073;214306076;
20250869;214306076;214281097;
20250869;214281097;214306081;
20250869;214306081;214306088;
20250869;214306088;214306094;
20250869;214306094;213770309;
20250869;213770309;214306098;
20250869;214306098;214306103;
20250869;214306103;214174868;
20250869;214174868;214306108;
20250869;214306108;214306112;
20250869;214306112;214306116;
20250869;214306116;214306119;
20250869;214306119;213504604;
20250869;213504604;214306122;
20250869;214306122;214306125;
20250869;214306125;214306129;
20250869;214306129;214306135;
20250869;214306135;214306139;
20250869;214306139;213855369;
20250869;213855369;214306142;
20250869;214306142;214306146;
20250869;214306146;214306149;
20250869;214306149;214306154;
20250869;214306154;214306155;
20250869;214306155;213632314;
20252240;213894606;213930491;
20252240;213930491;214327009;
20252240;214327009;214327012;
20252240;214327012;214327017;
20252240;214327017;214327020;
20252240;214327020;213942652;
20252418;213877964;214330333;
20252418;214330333;214330337;
20252418;214330337;214330340;
20252418;214330340;214330347;
20252418;214330347;214330351;
20252418;214330351;214330355;
20252418;214330355;214330359;
20252418;214330359;214330363;
20252418;214330363;214330367;
20252418;214330367;213770331;
20252418;213770331;214330372;
20252418;214330372;214330373;
20252418;214330373;214330377;
20252418;214330377;214330380;
20252418;214330380;213796765;
20252418;213796765;214330384;
20252418;214330384;214174876;
20252938;214339736;4610660197;
20252938;4610660197;4610660198;
20252938;4610660198;4610660199;
20252938;4610660199;214200211;
20252938;214200211;4610660201;
20252938;4610660201;4610660200;
20252938;4610660200;214339754;
20252938;214339754;214339758;
20252938;214339758;214339762;
20252938;214339762;214339766;
20252938;214339766;214339770;
20252938;214339770;214339774;
20252938;214339774;214339778;
20252938;214339778;214339783;
20252938;214339783;214339787;
20252938;214339787;214339794;
20252938;214339794;214339798;
20252938;214339798;213855413;
20256376;214046601;214395413;
20256376;214395413;214174871;
20256376;214174871;214395419;
20256376;214395419;213770324;
20256376;213770324;213800003;
20256376;213800003;213877961;
20256512;214125901;214397310;
20256834;213476338;213763757;
20256834;213763757;214402402;
20256834;214402402;214402406;
20256834;214402406;214402410;
20256834;214402410;213844588;
20256834;213844588;214037186;
20256834;214037186;214402414;
20256834;214402414;214402419;
20256834;214402419;214402423;
20256834;214402423;214402428;
20256834;214402428;213998103;
20257486;213855378;214306103;
49325974;213564265;213977069;
49325974;213977069;213977071;
49325974;213977071;213977073;
49325974;213977073;213977075;
49325974;213977075;213977080;
49325974;213977080;213450401;
49325974;213450401;213977081;
49325974;213977081;213977082;
49325974;213977082;213691377;
49325974;213691377;213977083;
49325974;213977083;213977085;
49325974;213977085;213593196;
49325975;213593196;213977087;
49325975;213977087;213977089;
49325975;213977089;213977094;
49325975;213977094;213977096;
49325975;213977096;213573182;
49325975;213573182;213977099;
49325975;213977099;213977107;
49325975;213977107;213977110;
49325975;213977110;213977114;
49325975;213977114;213960374;
49325975;213960374;213977117;
49325975;213977117;213934944;
49325975;213934944;213977119;
49325975;213977119;213977122;
49325975;213977122;213778676;
49325975;213778676;213977126;
49325975;213977126;213977128;
49325975;213977128;213763766;
49325975;213763766;213503269;
49325975;213503269;213977136;
49325975;213977136;213970712;
49325975;213970712;213609461;
49325975;213609461;213977138;
49325975;213977138;213977141;
49325975;213977141;213977144;
49325975;213977144;213977147;
49325975;213977147;213977150;
49325975;213977150;2394029805;
49325975;2394029805;213977153;
49325975;213977153;2394029807;
49325975;2394029807;213977156;
49325975;213977156;213712561;
163118850;213476292;213476295;
163118850;213476295;213476298;
163118850;213476298;213476301;
163118850;213476301;213476304;
163118850;213476304;213476307;
163118850;213476307;213476310;
163118850;213476310;213476313;
163118850;213476313;5156517521;
163118850;5156517521;213476316;
163118850;213476316;213476317;
163118850;213476317;213476319;
163118850;213476319;213476323;
163118850;213476323;213414962;
163118850;213414962;213476326;
163118850;213476326;213476329;
163118850;213476329;213476332;
163118850;213476332;213476333;
163118850;213476333;213476335;
163118850;213476335;213476338;
163118850;213476338;213476341;
163118850;213476341;5331419580;
163118850;5331419580;213476344;
163118850;213476344;213476347;
163118850;213476347;213476350;
163118850;213476350;213476353;
163118850;213476353;213476356;
163118850;213476356;213476358;
163118850;213476358;213476361;
163118850;213476361;213476363;
163118850;213476363;213476365;
465806891;213593144;765362833;
465806891;765362833;213593147;
465806891;213593147;213593149;
465806891;213593149;3292668944;
465806891;3292668944;213562461;
465806891;213562461;213593153;
465806891;213593153;213593156;
465806891;213593156;213593159;
465806891;213593159;213593161;
465806891;213593161;3292668915;
465806891;3292668915;213593163;
465806891;213593163;213593166;
465806891;213593166;3292668914;
465806891;3292668914;213593169;
465806891;213593169;213566984;
465806891;213566984;213593172;
465806891;213593172;213593175;
465806891;213593175;213593178;
465806891;213593178;213467715;
465806891;213467715;213509311;
465806891;213509311;5331358808;
465806891;5331358808;213593181;
465806891;213593181;213593183;
465806891;213593183;213593185;
465806891;213593185;213593186;
465806891;213593186;213593189;
465806891;213593189;213593194;
465806891;213593194;213593196;
552160740;5331414674;5331414675;
552160740;5331414675;5331414676;
552160740;5331414676;213593228;
552161210;5331419578;5331419577;
552161210;5331419577;5331419576;
552161210;5331419576;5331419575;
552161210;5331419575;5331419574;
552161211;5331419580;5331419578;
552161211;5331419578;5331419579;
