213343885;40.84605;-73.3108;-1.279515;0.7128981
213414962;40.84778;-73.32217;-1.279713;0.7129282
213450401;40.86355;-73.32868;-1.279827;0.7132035
213450423;40.85905;-73.32752;-1.279807;0.713125
213450427;40.85673;-73.32691;-1.279796;0.7130844
213450435;40.85546;-73.3266;-1.279791;0.7130624
213458279;40.85019;-73.32922;-1.279836;0.7129704
213467715;40.87148;-73.32309;-1.279729;0.7133419
213468330;40.85603;-73.32333;-1.279734;0.7130723
213468332;40.85531;-73.32316;-1.279731;0.7130597
213468335;40.85478;-73.32298;-1.279727;0.7130505
213468338;40.85416;-73.3228;-1.279724;0.7130397
213475179;40.85587;-73.33122;-1.279871;0.7130695
213475190;40.8548;-73.33086;-1.279865;0.7130508
213476292;40.84571;-73.3353;-1.279942;0.7128921
213476295;40.84576;-73.33491;-1.279936;0.7128929
213476298;40.8461;-73.33283;-1.279899;0.7128989
213476301;40.84617;-73.33234;-1.279891;0.7129002
213476304;40.84631;-73.33158;-1.279878;0.7129026
213476307;40.84654;-73.33006;-1.279851;0.7129067
213476310;40.84668;-73.32928;-1.279837;0.712909
213476313;40.84683;-73.32837;-1.279822;0.7129117
213476316;40.84721;-73.32591;-1.279779;0.7129183
213476317;40.84732;-73.32525;-1.279767;0.7129203
213476319;40.84742;-73.32475;-1.279758;0.7129219
213476323;40.84771;-73.32263;-1.279721;0.7129271
213476326;40.84817;-73.31936;-1.279664;0.7129351
213476329;40.84842;-73.31763;-1.279634;0.7129393
213476332;40.84863;-73.31605;-1.279606;0.7129431
213476333;40.84895;-73.31403;-1.279571;0.7129486
213476335;40.84931;-73.31152;-1.279527;0.7129549
213476338;40.84945;-73.31055;-1.27951;0.7129574
213476341;40.85005;-73.3068;-1.279445;0.7129678
213476344;40.85054;-73.30367;-1.27939;0.7129763
213476347;40.85072;-73.30263;-1.279372;0.7129795
213476350;40.85082;-73.3019;-1.27936;0.7129813
213476353;40.85101;-73.3007;-1.279339;0.7129846
213476356;40.85106;-73.30029;-1.279331;0.7129856
213476358;40.85141;-73.29797;-1.279291;0.7129916
213476361;40.85199;-73.29433;-1.279227;0.7130017
213476363;40.85218;-73.29303;-1.279205;0.713005
213476365;40.85245;-73.29105;-1.27917;0.7130097
213488084;40.8613;-73.30643;-1.279439;0.7131642
213488086;40.86139;-73.30583;-1.279428;0.7131658
213488087;40.86142;-73.30562;-1.279424;0.7131664
213488088;40.86144;-73.30541;-1.279421;0.7131667
213488090;40.86144;-73.30522;-1.279418;0.7131667
213488092;40.86143;-73.30492;-1.279412;0.7131665
213488093;40.8614;-73.3045;-1.279405;0.7131661
213488095;40.86138;-73.30396;-1.279395;0.7131656
213488097;40.86135;-73.30329;-1.279384;0.7131652
213491205;40.86685;-73.29345;-1.279212;0.7132611
213491796;40.85384;-73.32605;-1.279781;0.713034
213492238;40.85682;-73.31061;-1.279511;0.7130861
213492240;40.85804;-73.31097;-1.279518;0.7131074
213502749;40.86117;-73.29064;-1.279163;0.7131619
213503269;40.86817;-73.30096;-1.279343;0.7132841
213504601;40.86361;-73.31298;-1.279553;0.7132045
213504604;40.86338;-73.31315;-1.279556;0.7132005
213509311;40.87054;-73.3228;-1.279724;0.7133254
213509313;40.87035;-73.32407;-1.279747;0.7133222
213509316;40.87017;-73.32533;-1.279768;0.713319
213530359;40.86503;-73.29966;-1.27932;0.7132293
213539019;40.86427;-73.31912;-1.27966;0.7132161
213539021;40.86436;-73.31886;-1.279656;0.7132176
213539022;40.86447;-73.31813;-1.279643;0.7132196
213543505;40.85135;-73.31815;-1.279643;0.7129906
213543508;40.85073;-73.31841;-1.279648;0.7129797
213562461;40.8791;-73.3254;-1.27977;0.7134748
213564265;40.86242;-73.33722;-1.279976;0.7131837
213565697;40.85505;-73.3214;-1.2797;0.7130551
213565698;40.85413;-73.32112;-1.279695;0.7130392
213565700;40.85387;-73.32105;-1.279694;0.7130346
213565702;40.8537;-73.32102;-1.279693;0.7130316
213565704;40.85355;-73.32102;-1.279693;0.713029
213565706;40.85332;-73.32103;-1.279693;0.7130249
213565708;40.85314;-73.32101;-1.279693;0.7130218
213565710;40.85294;-73.32098;-1.279692;0.7130184
213565712;40.85279;-73.32092;-1.279691;0.7130158
213565714;40.85244;-73.32082;-1.27969;0.7130096
213565716;40.85214;-73.32065;-1.279687;0.7130044
213565718;40.85197;-73.32053;-1.279685;0.7130015
213565720;40.85167;-73.32036;-1.279682;0.7129961
213565722;40.85147;-73.32031;-1.279681;0.7129927
213565724;40.85128;-73.3203;-1.279681;0.7129894
213565725;40.8511;-73.32035;-1.279682;0.7129862
213565726;40.85097;-73.32041;-1.279683;0.7129839
213565727;40.85085;-73.3205;-1.279684;0.7129819
213565728;40.8507;-73.32063;-1.279686;0.7129791
213565730;40.85057;-73.3208;-1.279689;0.7129769
213565732;40.85047;-73.32101;-1.279693;0.7129752
213565735;40.8504;-73.32124;-1.279697;0.712974
213565736;40.85034;-73.32163;-1.279704;0.7129729
213565737;40.85008;-73.32323;-1.279732;0.7129684
213566383;40.85795;-73.33379;-1.279916;0.7131058
213566385;40.8582;-73.33202;-1.279885;0.7131101
213566387;40.85837;-73.33097;-1.279867;0.7131131
213566389;40.8587;-73.32896;-1.279832;0.7131189
213566390;40.85875;-73.32867;-1.279827;0.7131196
213566391;40.85897;-73.32802;-1.279815;0.7131235
213566392;40.85901;-73.32777;-1.279811;0.7131243
213566394;40.85929;-73.32592;-1.279779;0.7131291
213566395;40.85941;-73.3251;-1.279765;0.7131311
213566397;40.85939;-73.32487;-1.27976;0.7131308
213566398;40.85935;-73.32471;-1.279758;0.7131302
213566400;40.8593;-73.32455;-1.279755;0.7131293
213566403;40.85922;-73.3244;-1.279752;0.713128
213566405;40.85912;-73.32427;-1.27975;0.7131261
213566407;40.859;-73.32417;-1.279748;0.713124
213566410;40.85888;-73.3241;-1.279747;0.7131219
213566412;40.85843;-73.32397;-1.279745;0.713114
213566414;40.85726;-73.32369;-1.27974;0.7130937
213566984;40.87501;-73.32418;-1.279748;0.7134035
213572623;40.86345;-73.31785;-1.279638;0.7132016
213572626;40.86342;-73.31808;-1.279642;0.7132013
213572628;40.86339;-73.31831;-1.279646;0.7132007
213572631;40.86333;-73.31853;-1.27965;0.7131997
213572633;40.86325;-73.3187;-1.279653;0.7131982
213572636;40.86311;-73.31883;-1.279655;0.7131957
213572640;40.86291;-73.31889;-1.279656;0.7131923
213572643;40.8627;-73.31887;-1.279656;0.7131886
213572647;40.8625;-73.31887;-1.279656;0.7131852
213572648;40.86231;-73.31889;-1.279656;0.7131818
213572650;40.86216;-73.31894;-1.279657;0.7131793
213572652;40.86203;-73.31898;-1.279658;0.7131769
213572654;40.86189;-73.31898;-1.279658;0.7131745
213572658;40.86176;-73.31894;-1.279657;0.7131722
213572660;40.8616;-73.31886;-1.279656;0.7131695
213572663;40.86141;-73.31876;-1.279654;0.7131662
213573179;40.86665;-73.31721;-1.279627;0.7132576
213573182;40.86549;-73.31689;-1.279621;0.7132373
213574204;40.84755;-73.33091;-1.279866;0.7129242
213582301;40.84962;-73.31425;-1.279575;0.7129604
213582305;40.85081;-73.31464;-1.279582;0.7129812
213582308;40.85243;-73.31518;-1.279591;0.7130095
213591707;40.85321;-73.31838;-1.279647;0.7130229
213591710;40.85284;-73.31836;-1.279647;0.7130165
213591712;40.8522;-73.31818;-1.279644;0.7130053
213591717;40.85177;-73.31805;-1.279641;0.7129979
213591720;40.85166;-73.31803;-1.279641;0.712996
213591723;40.85155;-73.31805;-1.279641;0.7129941
213593144;40.88076;-73.32578;-1.279776;0.7135038
213593147;40.8803;-73.32574;-1.279776;0.7134959
213593149;40.87975;-73.3256;-1.279773;0.7134862
213593153;40.87883;-73.32532;-1.279768;0.7134702
213593156;40.8779;-73.32504;-1.279763;0.7134539
213593159;40.8773;-73.32484;-1.27976;0.7134435
213593161;40.87698;-73.32471;-1.279758;0.7134378
213593163;40.87662;-73.32462;-1.279756;0.7134315
213593166;40.87633;-73.32455;-1.279755;0.7134266
213593169;40.87567;-73.32437;-1.279752;0.713415
213593172;40.87489;-73.32414;-1.279748;0.7134013
213593175;40.87282;-73.32351;-1.279737;0.7133653
213593178;40.87217;-73.3233;-1.279733;0.7133539
213593181;40.86905;-73.32235;-1.279716;0.7132995
213593183;40.86858;-73.32223;-1.279714;0.7132912
213593185;40.86826;-73.32213;-1.279713;0.7132857
213593186;40.86788;-73.32199;-1.27971;0.7132791
213593189;40.86691;-73.32169;-1.279705;0.7132621
213593194;40.86563;-73.32136;-1.279699;0.7132399
213593196;40.86483;-73.32111;-1.279695;0.7132258
213593200;40.86409;-73.32089;-1.279691;0.7132128
213593203;40.86239;-73.32037;-1.279682;0.7131832
213593205;40.86119;-73.31998;-1.279675;0.7131622
213593207;40.86084;-73.31988;-1.279673;0.7131562
213593211;40.8606;-73.31979;-1.279672;0.7131519
213593214;40.86008;-73.31967;-1.27967;0.7131429
213593216;40.85791;-73.31897;-1.279657;0.7131051
213593218;40.85681;-73.31867;-1.279652;0.7130858
213593221;40.85621;-73.31849;-1.279649;0.7130753
213593224;40.85509;-73.31815;-1.279643;0.7130559
213593226;40.85373;-73.31773;-1.279636;0.713032
213593228;40.85299;-73.31749;-1.279632;0.7130193
213593231;40.85186;-73.3171;-1.279625;0.7129994
213593234;40.84977;-73.31645;-1.279613;0.712963
213593236;40.84948;-73.31635;-1.279612;0.7129579
213593238;40.84746;-73.31566;-1.2796;0.7129227
213593239;40.8464;-73.31532;-1.279594;0.7129042
213593242;40.84517;-73.31493;-1.279587;0.7128828
213593249;40.84354;-73.31438;-1.279577;0.7128543
213593252;40.84293;-73.31422;-1.279575;0.7128436
213593258;40.84048;-73.31346;-1.279561;0.7128009
213593270;40.83768;-73.31249;-1.279544;0.7127519
213593272;40.83707;-73.31227;-1.279541;0.7127413
213593276;40.8363;-73.31201;-1.279536;0.7127279
213593279;40.83594;-73.3119;-1.279534;0.7127216
213593282;40.83587;-73.31187;-1.279534;0.7127205
213593285;40.83458;-73.31148;-1.279527;0.7126978
213593288;40.83401;-73.31131;-1.279524;0.712688
213593291;40.83343;-73.31114;-1.279521;0.7126778
213596355;40.86307;-73.31624;-1.27961;0.7131951
213596358;40.86302;-73.31646;-1.279614;0.7131943
213596359;40.863;-73.31668;-1.279617;0.7131939
213596362;40.863;-73.31687;-1.279621;0.7131938
213596365;40.86298;-73.31699;-1.279623;0.7131936
213596368;40.86298;-73.31702;-1.279623;0.7131936
213596371;40.86286;-73.31769;-1.279635;0.7131914
213598908;40.84477;-73.31659;-1.279616;0.7128758
213598911;40.84461;-73.31767;-1.279635;0.712873
213598915;40.84459;-73.318;-1.279641;0.7128725
213598916;40.8446;-73.31815;-1.279643;0.7128728
213598918;40.84465;-73.3183;-1.279646;0.7128736
213598924;40.84476;-73.31841;-1.279648;0.7128756
213598935;40.84486;-73.31848;-1.279649;0.7128773
213598938;40.84502;-73.31854;-1.27965;0.7128801
213598941;40.84647;-73.31892;-1.279657;0.7129054
213598944;40.84722;-73.31913;-1.27966;0.7129185
213599899;40.86611;-73.3243;-1.27975;0.7132482
213599902;40.86593;-73.32554;-1.279772;0.7132451
213599905;40.86575;-73.32679;-1.279794;0.7132418
213601284;40.85447;-73.30942;-1.279491;0.713045
213601288;40.854;-73.30943;-1.279491;0.7130368
213601295;40.85385;-73.30942;-1.279491;0.7130342
213601299;40.85373;-73.30939;-1.27949;0.713032
213601301;40.85356;-73.30928;-1.279488;0.7130291
213601304;40.85329;-73.30914;-1.279486;0.7130245
213609428;40.8651;-73.29683;-1.279271;0.7132305
213609461;40.86882;-73.29729;-1.279279;0.7132955
213620922;40.85061;-73.32688;-1.279796;0.7129776
213628565;40.85991;-73.32201;-1.27971;0.71314
213628568;40.86005;-73.32207;-1.279712;0.7131425
213628570;40.86017;-73.32218;-1.279714;0.7131445
213628572;40.86026;-73.32228;-1.279715;0.7131461
213628575;40.86039;-73.32254;-1.27972;0.7131483
213628576;40.86069;-73.32319;-1.279731;0.7131535
213628578;40.86071;-73.32338;-1.279734;0.713154
213628581;40.86071;-73.32357;-1.279738;0.713154
213628583;40.8606;-73.32419;-1.279749;0.713152
213628585;40.86058;-73.32442;-1.279753;0.7131516
213628588;40.8606;-73.32462;-1.279756;0.7131521
213628591;40.86067;-73.32481;-1.279759;0.7131532
213628594;40.86079;-73.32497;-1.279762;0.7131553
213628597;40.86095;-73.32507;-1.279764;0.7131582
213628601;40.86144;-73.32523;-1.279767;0.7131667
213628727;40.86566;-73.31062;-1.279512;0.7132403
213628728;40.86554;-73.31041;-1.279508;0.7132382
213628730;40.86546;-73.31025;-1.279505;0.7132368
213628733;40.86541;-73.3101;-1.279503;0.7132359
213628736;40.86536;-73.30989;-1.279499;0.7132351
213628739;40.86541;-73.30969;-1.279495;0.7132359
213628743;40.86547;-73.3095;-1.279492;0.713237
213628746;40.86554;-73.30931;-1.279489;0.7132383
213628748;40.86559;-73.30917;-1.279486;0.713239
213628750;40.8656;-73.30901;-1.279484;0.7132393
213628753;40.86557;-73.30853;-1.279475;0.7132388
213632302;40.86446;-73.31645;-1.279613;0.7132195
213632305;40.86433;-73.31652;-1.279615;0.713217
213632307;40.86418;-73.31655;-1.279615;0.7132145
213632309;40.86403;-73.31655;-1.279615;0.7132119
213632311;40.86389;-73.31651;-1.279614;0.7132094
213632314;40.86275;-73.31614;-1.279608;0.7131895
213632317;40.86055;-73.31544;-1.279596;0.7131512
213632320;40.86036;-73.31538;-1.279595;0.7131478
213632322;40.86024;-73.3153;-1.279593;0.7131457
213632325;40.86012;-73.3152;-1.279592;0.7131436
213632328;40.86003;-73.31503;-1.279589;0.7131421
213632330;40.85998;-73.31481;-1.279585;0.7131411
213632332;40.85997;-73.31459;-1.279581;0.7131411
213632335;40.86001;-73.31416;-1.279574;0.7131417
213632337;40.86;-73.3139;-1.279569;0.7131416
213632339;40.85998;-73.31374;-1.279566;0.7131411
213667223;40.86229;-73.30687;-1.279446;0.7131814
213667225;40.86205;-73.30681;-1.279445;0.7131772
213667227;40.86186;-73.30675;-1.279444;0.713174
213667229;40.8617;-73.30669;-1.279443;0.7131712
213667231;40.86157;-73.3066;-1.279442;0.7131689
213667233;40.86143;-73.3065;-1.27944;0.7131665
213667234;40.86117;-73.30638;-1.279438;0.713162
213667235;40.86099;-73.30632;-1.279437;0.7131588
213667238;40.86074;-73.30628;-1.279436;0.7131544
213667239;40.86059;-73.30625;-1.279435;0.7131518
213667240;40.86048;-73.30621;-1.279435;0.7131499
213667242;40.86039;-73.30613;-1.279433;0.7131484
213667244;40.86029;-73.30602;-1.279431;0.7131465
213667245;40.86021;-73.30588;-1.279429;0.7131453
213667257;40.86018;-73.30576;-1.279427;0.7131446
213667260;40.86015;-73.30563;-1.279425;0.7131442
213667263;40.86015;-73.30549;-1.279422;0.7131442
213667266;40.86017;-73.30534;-1.279419;0.7131445
213667268;40.8602;-73.30515;-1.279416;0.7131451
213667269;40.86023;-73.30492;-1.279412;0.7131456
213667272;40.86024;-73.30476;-1.27941;0.7131457
213667275;40.86023;-73.30456;-1.279406;0.7131456
213667279;40.86018;-73.30401;-1.279396;0.7131446
213667282;40.86015;-73.30386;-1.279394;0.7131441
213673349;40.85006;-73.3299;-1.279848;0.7129681
213676092;40.85649;-73.31293;-1.279552;0.7130802
213676095;40.8553;-73.31255;-1.279545;0.7130594
213689450;40.8612;-73.30326;-1.279383;0.7131624
213689453;40.8612;-73.30309;-1.27938;0.7131625
213689455;40.86132;-73.30235;-1.279367;0.7131646
213689457;40.86134;-73.30215;-1.279364;0.713165
213689461;40.86134;-73.30158;-1.279354;0.713165
213689463;40.86138;-73.30128;-1.279349;0.7131656
213689465;40.86144;-73.30091;-1.279342;0.7131667
213689468;40.8615;-73.30057;-1.279336;0.7131677
213691377;40.86403;-73.32571;-1.279775;0.7132119
213691380;40.86485;-73.32597;-1.27978;0.7132263
213698466;40.8527;-73.31917;-1.279661;0.7130142
213698469;40.8533;-73.31935;-1.279664;0.7130246
213698472;40.85345;-73.31941;-1.279665;0.7130272
213698476;40.85361;-73.31943;-1.279665;0.71303
213698479;40.85511;-73.3199;-1.279674;0.7130563
213698482;40.85527;-73.31995;-1.279674;0.7130589
213698484;40.85537;-73.32003;-1.279676;0.7130607
213698487;40.85543;-73.3201;-1.279677;0.7130617
213698489;40.8555;-73.32021;-1.279679;0.7130631
213698491;40.85562;-73.32036;-1.279682;0.7130651
213698494;40.8557;-73.32044;-1.279683;0.7130665
213698499;40.85583;-73.32053;-1.279685;0.7130688
213698502;40.85648;-73.32066;-1.279687;0.7130802
213700135;40.8612;-73.31741;-1.27963;0.7131625
213700138;40.86177;-73.31757;-1.279633;0.7131724
213701726;40.86497;-73.32529;-1.279768;0.7132283
213712561;40.86954;-73.29032;-1.279157;0.713308
213714166;40.85117;-73.31218;-1.279539;0.7129874
213714168;40.85139;-73.31223;-1.27954;0.7129913
213714170;40.85168;-73.31232;-1.279541;0.7129962
213714172;40.85284;-73.31279;-1.27955;0.7130166
213714174;40.85352;-73.31305;-1.279554;0.7130284
213714176;40.8539;-73.31316;-1.279556;0.7130351
213721360;40.85497;-73.30623;-1.279435;0.7130538
213721363;40.85546;-73.30643;-1.279438;0.7130624
213721367;40.85566;-73.30653;-1.27944;0.7130658
213721371;40.8558;-73.30663;-1.279442;0.7130683
213721374;40.85595;-73.30669;-1.279443;0.7130708
213721377;40.85649;-73.30686;-1.279446;0.7130803
213721380;40.85741;-73.30713;-1.279451;0.7130964
213728146;40.85428;-73.32435;-1.279751;0.7130417
213735434;40.85768;-73.32105;-1.279694;0.713101
213735437;40.85698;-73.32531;-1.279768;0.7130888
213735440;40.8565;-73.32823;-1.279819;0.7130805
213735442;40.85645;-73.32842;-1.279822;0.7130796
213735444;40.8564;-73.32856;-1.279825;0.7130787
213735446;40.85633;-73.32893;-1.279831;0.7130774
213735448;40.85604;-73.33064;-1.279861;0.7130725
213735450;40.856;-73.33088;-1.279865;0.7130716
213735604;40.87263;-73.32467;-1.279757;0.7133619
213758522;40.85121;-73.32358;-1.279738;0.7129881
213758526;40.85076;-73.32343;-1.279735;0.7129803
213758530;40.84983;-73.32316;-1.279731;0.7129641
213758533;40.84967;-73.32316;-1.279731;0.7129613
213758537;40.84951;-73.32314;-1.27973;0.7129585
213758551;40.84886;-73.32296;-1.279727;0.7129471
213763757;40.8501;-73.3108;-1.279515;0.7129687
213763766;40.86798;-73.30203;-1.279362;0.7132809
213763775;40.8669;-73.3017;-1.279356;0.7132619
213763783;40.86574;-73.30151;-1.279353;0.7132417
213763795;40.86499;-73.30122;-1.279348;0.7132286
213766141;40.86359;-73.30642;-1.279438;0.7132043
213766145;40.86474;-73.30671;-1.279443;0.7132243
213766149;40.86487;-73.30676;-1.279444;0.7132266
213766152;40.86536;-73.30686;-1.279446;0.7132351
213766155;40.86551;-73.30688;-1.279446;0.7132376
213766158;40.86565;-73.30686;-1.279446;0.7132401
213766160;40.86586;-73.3068;-1.279445;0.7132439
213769303;40.85125;-73.30719;-1.279452;0.7129889
213769942;40.85035;-73.32825;-1.279819;0.7129731
213770309;40.86043;-73.31203;-1.279536;0.7131491
213770324;40.86074;-73.31001;-1.279501;0.7131546
213770331;40.86106;-73.30803;-1.279467;0.71316
213778676;40.86743;-73.30527;-1.279418;0.7132712
213783060;40.8523;-73.32165;-1.279704;0.7130072
213786088;40.84529;-73.31429;-1.279576;0.7128847
213786093;40.84531;-73.31401;-1.279571;0.7128851
213786098;40.84529;-73.31374;-1.279566;0.7128849
213786100;40.84531;-73.31347;-1.279561;0.7128852
213786117;40.8454;-73.31298;-1.279553;0.7128867
213786120;40.84564;-73.3114;-1.279525;0.7128909
213786122;40.84575;-73.31116;-1.279521;0.7128928
213786126;40.84588;-73.31096;-1.279518;0.7128951
213786130;40.84623;-73.31075;-1.279514;0.7129012
213786135;40.84643;-73.31075;-1.279514;0.7129047
213786141;40.84665;-73.31078;-1.279515;0.7129086
213786147;40.84687;-73.31086;-1.279516;0.7129124
213786150;40.84797;-73.31116;-1.279521;0.7129315
213796765;40.86204;-73.30842;-1.279473;0.7131771
213796768;40.86214;-73.30772;-1.279461;0.7131789
213796770;40.86222;-73.30721;-1.279452;0.7131804
213796773;40.86274;-73.30403;-1.279397;0.7131893
213796775;40.86279;-73.30368;-1.279391;0.7131901
213799997;40.8592;-73.30888;-1.279481;0.7131276
213800000;40.85929;-73.30914;-1.279486;0.7131292
213800003;40.85922;-73.30959;-1.279494;0.713128
213809133;40.8591;-73.3219;-1.279709;0.7131258
213809137;40.85894;-73.32186;-1.279708;0.713123
213809140;40.85877;-73.32179;-1.279707;0.7131201
213809143;40.85864;-73.32169;-1.279705;0.7131178
213809148;40.85851;-73.32155;-1.279702;0.7131155
213809152;40.85837;-73.32137;-1.279699;0.7131131
213809157;40.85826;-73.32127;-1.279698;0.7131112
213809160;40.85814;-73.3212;-1.279696;0.7131091
213809163;40.85802;-73.32115;-1.279696;0.713107
213833944;40.8546;-73.30812;-1.279468;0.7130473
213833948;40.85479;-73.30816;-1.279469;0.7130506
213833950;40.85537;-73.30834;-1.279472;0.7130607
213833953;40.85551;-73.30843;-1.279474;0.7130631
213833956;40.85559;-73.30854;-1.279475;0.7130647
213833959;40.85567;-73.30865;-1.279477;0.713066
213833961;40.85575;-73.30885;-1.279481;0.7130674
213833968;40.85656;-73.30839;-1.279473;0.7130815
213833972;40.8567;-73.30833;-1.279472;0.713084
213833975;40.85684;-73.30828;-1.279471;0.7130864
213833979;40.85698;-73.30829;-1.279471;0.7130888
213833983;40.85721;-73.30834;-1.279472;0.7130929
213842288;40.84972;-73.31664;-1.279617;0.7129622
213842291;40.8497;-73.31683;-1.27962;0.7129617
213842294;40.8497;-73.31702;-1.279624;0.7129618
213842296;40.84977;-73.31736;-1.279629;0.712963
213842299;40.84976;-73.31753;-1.279632;0.7129629
213842301;40.84958;-73.31865;-1.279652;0.7129596
213844588;40.85092;-73.31072;-1.279513;0.7129831
213844591;40.85088;-73.31052;-1.27951;0.7129823
213844594;40.85085;-73.31026;-1.279505;0.7129819
213844597;40.85086;-73.31004;-1.279502;0.7129819
213844600;40.8509;-73.30975;-1.279496;0.7129828
213844604;40.85096;-73.30946;-1.279491;0.7129837
213844607;40.85098;-73.30927;-1.279488;0.7129841
213844611;40.85098;-73.30906;-1.279485;0.712984
213844614;40.85099;-73.30887;-1.279481;0.7129843
213844617;40.85102;-73.30874;-1.279479;0.7129848
213844620;40.85107;-73.30836;-1.279472;0.7129857
213844623;40.85134;-73.3067;-1.279443;0.7129903
213844626;40.85138;-73.30638;-1.279438;0.7129911
213844629;40.85143;-73.30616;-1.279434;0.712992
213844632;40.85152;-73.30598;-1.279431;0.7129934
213844638;40.85168;-73.30579;-1.279427;0.7129962
213844641;40.85177;-73.30569;-1.279426;0.7129979
213844646;40.85186;-73.30556;-1.279423;0.7129995
213844648;40.85193;-73.30544;-1.279421;0.7130007
213844650;40.85201;-73.30533;-1.279419;0.7130021
213844652;40.85207;-73.30515;-1.279416;0.7130032
213844654;40.85214;-73.30493;-1.279412;0.7130044
213844657;40.8522;-73.3047;-1.279408;0.7130054
213844661;40.85222;-73.30447;-1.279404;0.7130058
213844664;40.8522;-73.30423;-1.2794;0.7130054
213844667;40.8522;-73.30402;-1.279397;0.7130053
213844670;40.85232;-73.30326;-1.279383;0.7130075
213845450;40.85968;-73.3004;-1.279333;0.713136
213855369;40.86337;-73.3146;-1.279581;0.7132003
213855372;40.86292;-73.31445;-1.279578;0.7131925
213855375;40.86202;-73.31416;-1.279573;0.7131768
213855378;40.86136;-73.31393;-1.27957;0.7131652
213855382;40.86081;-73.31376;-1.279567;0.7131556
213855385;40.86057;-73.31369;-1.279565;0.7131515
213855388;40.86037;-73.31367;-1.279565;0.7131481
213855390;40.86025;-73.31367;-1.279565;0.7131459
213855393;40.86015;-73.3137;-1.279565;0.7131441
213855397;40.85985;-73.31379;-1.279567;0.7131389
213855401;40.85968;-73.31388;-1.279569;0.7131359
213855405;40.85917;-73.31425;-1.279575;0.713127
213855407;40.85891;-73.31444;-1.279578;0.7131224
213855410;40.85855;-73.3147;-1.279583;0.7131162
213855413;40.85839;-73.31474;-1.279584;0.7131134
213855416;40.85823;-73.31477;-1.279584;0.7131106
213855418;40.85809;-73.31477;-1.279584;0.7131081
213855421;40.85747;-73.31461;-1.279581;0.7130973
213877922;40.85449;-73.33286;-1.2799;0.7130454
213877926;40.8549;-73.33022;-1.279854;0.7130525
213877930;40.85527;-73.32794;-1.279814;0.7130589
213877932;40.85559;-73.32582;-1.279777;0.7130647
213877935;40.85653;-73.32022;-1.279679;0.713081
213877938;40.85716;-73.3165;-1.279614;0.713092
213877941;40.85732;-73.31553;-1.279597;0.7130947
213877946;40.85751;-73.31435;-1.279577;0.713098
213877951;40.85753;-73.31413;-1.279573;0.7130985
213877957;40.85798;-73.31138;-1.279525;0.7131063
213877959;40.8582;-73.31;-1.279501;0.7131102
213877961;40.85831;-73.30934;-1.279489;0.713112
213877964;40.85866;-73.30724;-1.279453;0.7131182
213877967;40.85879;-73.30623;-1.279435;0.7131205
213877970;40.85914;-73.3039;-1.279394;0.7131265
213877987;40.86069;-73.29396;-1.279221;0.7131535
213877992;40.86078;-73.29337;-1.279211;0.7131552
213877995;40.86108;-73.2913;-1.279174;0.7131605
213894606;40.85541;-73.31641;-1.279613;0.7130614
213895411;40.84847;-73.30312;-1.279381;0.7129403
213895421;40.84688;-73.3027;-1.279374;0.7129125
213903082;40.85427;-73.31127;-1.279523;0.7130415
213903086;40.85546;-73.31168;-1.27953;0.7130623
213903787;40.85488;-73.30659;-1.279441;0.7130522
213903790;40.85471;-73.30653;-1.27944;0.7130491
213903794;40.85456;-73.30649;-1.27944;0.7130467
213903799;40.85444;-73.30648;-1.279439;0.7130445
213903803;40.85432;-73.30651;-1.27944;0.7130424
213903807;40.8542;-73.30653;-1.27944;0.7130404
213903811;40.85408;-73.30655;-1.279441;0.7130382
213903815;40.85392;-73.30653;-1.27944;0.7130355
213903819;40.85377;-73.3065;-1.27944;0.7130328
213930450;40.85577;-73.30905;-1.279484;0.7130678
213930454;40.85577;-73.30933;-1.279489;0.7130677
213930457;40.85567;-73.31059;-1.279511;0.713066
213930459;40.85509;-73.3136;-1.279564;0.7130558
213930463;40.85505;-73.31387;-1.279568;0.7130552
213930472;40.85505;-73.31416;-1.279574;0.7130551
213930476;40.85505;-73.31442;-1.279578;0.7130551
213930484;40.85504;-73.31503;-1.279589;0.713055
213930487;40.85499;-73.31556;-1.279598;0.7130541
213930491;40.85485;-73.31624;-1.27961;0.7130517
213934944;40.86683;-73.30888;-1.279481;0.7132608
213934948;40.86644;-73.30878;-1.27948;0.713254
213934952;40.86618;-73.30871;-1.279478;0.7132493
213934956;40.86592;-73.30863;-1.279477;0.7132449
213934960;40.86543;-73.30849;-1.279475;0.7132363
213934964;40.86514;-73.30843;-1.279474;0.7132313
213934968;40.86467;-73.30833;-1.279472;0.7132231
213934971;40.86444;-73.30828;-1.279471;0.713219
213934974;40.86431;-73.30824;-1.27947;0.7132168
213934976;40.86408;-73.30809;-1.279468;0.7132127
213934979;40.86398;-73.30804;-1.279467;0.713211
213934982;40.86337;-73.30785;-1.279463;0.7132004
213942652;40.85361;-73.31573;-1.279601;0.71303
213942656;40.85356;-73.31558;-1.279598;0.7130291
213942660;40.85353;-73.31541;-1.279595;0.7130286
213942661;40.85355;-73.31519;-1.279591;0.7130289
213942665;40.8538;-73.31369;-1.279565;0.7130334
213942671;40.85444;-73.3104;-1.279508;0.7130445
213942676;40.85447;-73.31014;-1.279503;0.713045
213942680;40.85448;-73.30987;-1.279499;0.7130452
213942684;40.85448;-73.30885;-1.279481;0.7130451
213942688;40.85451;-73.30858;-1.279476;0.7130457
213942692;40.85514;-73.30551;-1.279423;0.7130568
213942694;40.85522;-73.30533;-1.279419;0.7130581
213942697;40.8553;-73.30518;-1.279417;0.7130596
213942701;40.85546;-73.30508;-1.279415;0.7130623
213942705;40.85559;-73.30503;-1.279414;0.7130645
213942714;40.85575;-73.30503;-1.279414;0.7130673
213942717;40.85594;-73.30512;-1.279416;0.7130706
213942722;40.85608;-73.30521;-1.279417;0.7130731
213942725;40.85739;-73.3056;-1.279424;0.713096
213942731;40.85762;-73.3057;-1.279426;0.7131
213942734;40.85778;-73.30582;-1.279428;0.7131027
213942737;40.85817;-73.30606;-1.279432;0.7131097
213942740;40.85831;-73.30611;-1.279433;0.7131121
213942744;40.85854;-73.30617;-1.279434;0.713116
213943310;40.85217;-73.30543;-1.279421;0.7130049
213943312;40.85235;-73.30552;-1.279423;0.713008
213943316;40.85258;-73.30559;-1.279424;0.713012
213943320;40.85273;-73.30563;-1.279425;0.7130147
213943323;40.85293;-73.30569;-1.279426;0.7130182
213943327;40.85383;-73.30594;-1.27943;0.7130339
213960374;40.86663;-73.31018;-1.279504;0.7132573
213970712;40.86862;-73.29848;-1.2793;0.7132919
213977069;40.86255;-73.33504;-1.279938;0.7131861
213977071;40.86269;-73.33408;-1.279921;0.7131885
213977073;40.86304;-73.33189;-1.279883;0.7131945
213977075;40.86316;-73.33118;-1.279871;0.7131966
213977080;40.86341;-73.32958;-1.279843;0.7132011
213977081;40.86374;-73.32735;-1.279804;0.7132068
213977082;40.8639;-73.32642;-1.279788;0.7132096
213977083;40.86438;-73.32364;-1.279739;0.7132179
213977085;40.8647;-73.32183;-1.279707;0.7132236
213977087;40.86504;-73.31982;-1.279672;0.7132294
213977089;40.86512;-73.31932;-1.279664;0.7132309
213977094;40.86526;-73.3184;-1.279647;0.7132333
213977096;40.86547;-73.31702;-1.279623;0.713237
213977099;40.86552;-73.31663;-1.279617;0.7132379
213977107;40.86568;-73.31561;-1.279599;0.7132407
213977110;40.86627;-73.31226;-1.27954;0.7132509
213977114;40.86657;-73.31051;-1.27951;0.7132562
213977117;40.86675;-73.30939;-1.27949;0.7132594
213977119;40.867;-73.30788;-1.279464;0.7132638
213977122;40.86725;-73.30632;-1.279437;0.713268
213977126;40.8676;-73.30428;-1.279401;0.7132742
213977128;40.86787;-73.30275;-1.279374;0.7132788
213977136;40.86852;-73.29892;-1.279307;0.7132903
213977138;40.86889;-73.29691;-1.279272;0.7132966
213977141;40.8689;-73.29665;-1.279268;0.7132969
213977144;40.86891;-73.29556;-1.279249;0.7132971
213977147;40.8689;-73.29376;-1.279217;0.7132969
213977150;40.8689;-73.29351;-1.279213;0.7132969
213977153;40.86883;-73.29256;-1.279197;0.7132957
213977156;40.86947;-73.2905;-1.27916;0.7133068
213979095;40.8522;-73.32219;-1.279714;0.7130055
213979101;40.85077;-73.32175;-1.279706;0.7129804
213983856;40.86409;-73.32355;-1.279737;0.7132128
213983859;40.8637;-73.32344;-1.279735;0.7132061
213983863;40.86218;-73.32283;-1.279725;0.7131796
213983868;40.862;-73.32281;-1.279724;0.7131765
213983873;40.86184;-73.32284;-1.279725;0.7131736
213983876;40.8617;-73.32292;-1.279726;0.7131712
213998099;40.85299;-73.31174;-1.279531;0.7130193
213998103;40.85308;-73.31113;-1.279521;0.7130209
213998107;40.8532;-73.31043;-1.279508;0.7130228
213998112;40.85324;-73.31017;-1.279504;0.7130235
213998124;40.85324;-73.30994;-1.2795;0.7130235
213998127;40.85323;-73.30941;-1.279491;0.7130233
213998131;40.85326;-73.3093;-1.279489;0.713024
213998136;40.8534;-73.30849;-1.279475;0.7130263
213998139;40.85353;-73.30781;-1.279463;0.7130286
213998144;40.85366;-73.30717;-1.279451;0.7130309
213998148;40.8539;-73.30544;-1.279421;0.713035
213998153;40.85395;-73.30508;-1.279415;0.7130359
213998157;40.85397;-73.30482;-1.279411;0.7130363
213998165;40.85414;-73.30376;-1.279392;0.7130393
213998168;40.85445;-73.30178;-1.279357;0.7130446
214003230;40.86519;-73.32406;-1.279746;0.7132321
214003235;40.86714;-73.32455;-1.279755;0.7132662
214003239;40.86762;-73.32467;-1.279757;0.7132745
214003243;40.86788;-73.32474;-1.279758;0.7132791
214003246;40.86842;-73.32487;-1.27976;0.7132885
214008109;40.85257;-73.32;-1.279675;0.7130118
214008111;40.85208;-73.32298;-1.279727;0.7130033
214008115;40.85191;-73.32309;-1.279729;0.7130004
214009785;40.86509;-73.30995;-1.2795;0.7132303
214009788;40.86484;-73.30991;-1.279499;0.713226
214011737;40.85127;-73.3028;-1.279375;0.7129892
214011741;40.85145;-73.30286;-1.279376;0.7129923
214011744;40.85159;-73.30299;-1.279378;0.7129948
214011748;40.85173;-73.30308;-1.27938;0.7129972
214011752;40.85297;-73.30343;-1.279386;0.7130188
214025960;40.86043;-73.32207;-1.279711;0.713149
214025965;40.86058;-73.32193;-1.279709;0.7131516
214025969;40.86073;-73.32186;-1.279708;0.7131542
214025971;40.86087;-73.32185;-1.279708;0.7131566
214025973;40.861;-73.32189;-1.279708;0.713159
214025979;40.86113;-73.32199;-1.27971;0.7131612
214025984;40.86125;-73.32214;-1.279713;0.7131634
214025988;40.86161;-73.32274;-1.279723;0.7131697
214025991;40.86174;-73.32313;-1.27973;0.713172
214025995;40.86176;-73.3233;-1.279733;0.7131722
214025999;40.86176;-73.32346;-1.279736;0.7131722
214026005;40.86123;-73.32646;-1.279788;0.7131629
214037186;40.85123;-73.31065;-1.279512;0.7129885
214037187;40.85128;-73.3108;-1.279515;0.7129893
214037190;40.8513;-73.31099;-1.279518;0.7129897
214037195;40.85129;-73.31128;-1.279523;0.7129894
214037200;40.85123;-73.31163;-1.279529;0.7129886
214037205;40.85086;-73.31439;-1.279577;0.7129819
214044981;40.86477;-73.32655;-1.27979;0.7132248
214046578;40.86497;-73.31691;-1.279621;0.7132283
214046579;40.86472;-73.31679;-1.279619;0.713224
214046581;40.86463;-73.3167;-1.279618;0.7132224
214046584;40.86454;-73.31659;-1.279616;0.7132208
214046585;40.86442;-73.31629;-1.279611;0.7132186
214046589;40.8644;-73.31613;-1.279608;0.7132183
214046593;40.8644;-73.31599;-1.279605;0.7132183
214046597;40.86442;-73.31582;-1.279602;0.7132186
214046601;40.86524;-73.31126;-1.279523;0.7132329
214046604;40.8653;-73.31105;-1.279519;0.7132341
214046608;40.86541;-73.31089;-1.279516;0.713236
214046611;40.86552;-73.31075;-1.279514;0.7132379
214046614;40.86583;-73.31049;-1.27951;0.7132432
214046618;40.86597;-73.31044;-1.279509;0.7132458
214046622;40.86611;-73.31042;-1.279508;0.7132481
214046626;40.86625;-73.31043;-1.279508;0.7132506
214054776;40.85929;-73.30395;-1.279395;0.7131292
214054777;40.85944;-73.30397;-1.279396;0.7131318
214054778;40.85961;-73.30396;-1.279395;0.7131348
214054781;40.85979;-73.30393;-1.279395;0.7131379
214054784;40.85996;-73.3039;-1.279394;0.7131408
214054788;40.86028;-73.30377;-1.279392;0.7131463
214054792;40.86082;-73.30338;-1.279385;0.7131558
214054795;40.86093;-73.30333;-1.279384;0.7131578
214054801;40.86106;-73.30328;-1.279384;0.71316
214054807;40.86234;-73.30355;-1.279388;0.7131823
214054810;40.86299;-73.30373;-1.279392;0.7131937
214054813;40.86349;-73.30385;-1.279394;0.7132024
214054818;40.86398;-73.30398;-1.279396;0.713211
214083971;40.85995;-73.32034;-1.279681;0.7131407
214083974;40.85994;-73.32055;-1.279685;0.7131404
214083977;40.86003;-73.32114;-1.279695;0.713142
214083980;40.86003;-73.32133;-1.279699;0.7131421
214083981;40.86;-73.32155;-1.279702;0.7131416
214125901;40.84666;-73.30415;-1.279399;0.7129086
214131234;40.85099;-73.32484;-1.27976;0.7129843
214131238;40.85091;-73.32515;-1.279765;0.712983
214131241;40.85083;-73.32561;-1.279773;0.7129814
214131246;40.85028;-73.32868;-1.279827;0.7129718
214131249;40.84995;-73.33057;-1.27986;0.712966
214131252;40.84987;-73.33076;-1.279863;0.7129648
214131255;40.84978;-73.33089;-1.279865;0.7129631
214131258;40.84965;-73.33099;-1.279867;0.7129609
214131261;40.84949;-73.33105;-1.279868;0.7129582
214131263;40.84848;-73.33126;-1.279872;0.7129405
214131268;40.84832;-73.33129;-1.279872;0.7129376
214131276;40.84816;-73.33126;-1.279872;0.7129348
214131279;40.84799;-73.33115;-1.27987;0.7129319
214137433;40.86487;-73.29869;-1.279304;0.7132265
214138944;40.86123;-73.31969;-1.27967;0.7131629
214138949;40.86132;-73.31918;-1.279661;0.7131645
214138953;40.86156;-73.31813;-1.279643;0.7131688
214138957;40.86164;-73.31779;-1.279637;0.7131702
214138961;40.8617;-73.31767;-1.279635;0.7131712
214138964;40.86193;-73.31747;-1.279631;0.7131752
214138968;40.86207;-73.31742;-1.27963;0.7131777
214138972;40.86221;-73.31741;-1.27963;0.7131801
214138978;40.86232;-73.31744;-1.279631;0.713182
214138981;40.86243;-73.3175;-1.279632;0.7131839
214138984;40.86274;-73.31765;-1.279634;0.7131893
214138988;40.863;-73.31773;-1.279636;0.7131939
214138991;40.86372;-73.31789;-1.279639;0.7132064
214138994;40.86386;-73.31794;-1.279639;0.713209
214141448;40.86517;-73.30394;-1.279395;0.7132317
214141453;40.86526;-73.30338;-1.279385;0.7132334
214141457;40.86532;-73.30306;-1.27938;0.7132344
214141463;40.86539;-73.3028;-1.279375;0.7132357
214141468;40.86557;-73.3024;-1.279368;0.7132387
214141472;40.86563;-73.30219;-1.279365;0.7132398
214141476;40.86568;-73.30198;-1.279361;0.7132407
214141480;40.86572;-73.3017;-1.279356;0.7132413
214144716;40.86631;-73.31931;-1.279663;0.7132517
214147315;40.86544;-73.32256;-1.27972;0.7132366
214147317;40.8643;-73.32928;-1.279837;0.7132165
214147319;40.86426;-73.32945;-1.27984;0.7132158
214147323;40.8642;-73.32957;-1.279842;0.7132149
214147328;40.8641;-73.32967;-1.279844;0.713213
214147332;40.86399;-73.32971;-1.279845;0.7132111
214147336;40.86388;-73.32972;-1.279845;0.7132093
214158919;40.86552;-73.3227;-1.279723;0.7132378
214158923;40.8656;-73.32281;-1.279724;0.7132393
214158927;40.86572;-73.32291;-1.279726;0.7132414
214158931;40.86587;-73.32294;-1.279727;0.713244
214158935;40.86645;-73.32307;-1.279729;0.713254
214158940;40.86732;-73.32329;-1.279733;0.7132693
214158946;40.86773;-73.32339;-1.279735;0.7132764
214158951;40.86807;-73.3235;-1.279737;0.7132823
214158955;40.8685;-73.3236;-1.279738;0.7132898
214158959;40.87221;-73.32456;-1.279755;0.7133546
214174868;40.86271;-73.31264;-1.279547;0.7131889
214174871;40.86303;-73.31064;-1.279512;0.7131945
214174873;40.8633;-73.30897;-1.279483;0.7131992
214174876;40.86334;-73.30874;-1.279479;0.7131998
214174879;40.86335;-73.30859;-1.279476;0.7131999
214174883;40.86335;-73.30842;-1.279473;0.7131999
214174887;40.86333;-73.30827;-1.279471;0.7131997
214174891;40.86333;-73.30811;-1.279468;0.7131997
214174895;40.86335;-73.30798;-1.279466;0.7132
214174899;40.86346;-73.30724;-1.279453;0.713202
214174903;40.86379;-73.30517;-1.279417;0.7132077
214174908;40.86405;-73.3037;-1.279391;0.7132123
214174912;40.86432;-73.30296;-1.279378;0.7132169
214174917;40.86472;-73.30195;-1.27936;0.7132238
214174921;40.86486;-73.30154;-1.279353;0.7132264
214174925;40.86504;-73.30106;-1.279345;0.7132295
214174931;40.86507;-73.3009;-1.279342;0.71323
214174935;40.86509;-73.30069;-1.279338;0.7132304
214174939;40.86509;-73.30046;-1.279334;0.7132304
214174942;40.86508;-73.30003;-1.279327;0.7132301
214174944;40.86485;-73.29848;-1.2793;0.7132261
214174946;40.86487;-73.29824;-1.279296;0.7132265
214174950;40.86505;-73.29716;-1.279277;0.7132297
214174955;40.8653;-73.29556;-1.279249;0.7132341
214174958;40.86539;-73.29515;-1.279242;0.7132356
214174961;40.86565;-73.29395;-1.279221;0.7132401
214174963;40.86572;-73.29375;-1.279217;0.7132413
214174966;40.86583;-73.29359;-1.279215;0.7132432
214174970;40.86596;-73.29349;-1.279213;0.7132455
214174974;40.86614;-73.29344;-1.279212;0.7132487
214174978;40.86644;-73.29344;-1.279212;0.713254
214174982;40.86777;-73.29347;-1.279212;0.7132772
214174989;40.86793;-73.2935;-1.279213;0.7132799
214174993;40.86809;-73.29356;-1.279214;0.7132828
214174997;40.86826;-73.29368;-1.279216;0.7132857
214175001;40.86841;-73.29373;-1.279217;0.7132884
214175005;40.86852;-73.29375;-1.279217;0.7132903
214175009;40.86865;-73.29376;-1.279217;0.7132925
214192660;40.85137;-73.30882;-1.27948;0.7129909
214192662;40.85166;-73.30892;-1.279482;0.712996
214192666;40.85213;-73.3091;-1.279485;0.7130042
214192669;40.8528;-73.30936;-1.27949;0.7130159
214192673;40.85297;-73.30943;-1.279491;0.7130189
214192677;40.85308;-73.30943;-1.279491;0.7130209
214200211;40.85915;-73.31761;-1.279634;0.7131266
214200214;40.85946;-73.31625;-1.27961;0.713132
214232173;40.85217;-73.30892;-1.279482;0.7130048
214232176;40.85231;-73.30801;-1.279466;0.7130073
214232179;40.85251;-73.30676;-1.279444;0.7130108
214232183;40.85255;-73.30656;-1.279441;0.7130115
214232187;40.85264;-73.30637;-1.279438;0.7130131
214232191;40.85276;-73.30621;-1.279435;0.7130151
214232195;40.85285;-73.30605;-1.279432;0.7130167
214232199;40.85291;-73.30587;-1.279429;0.7130178
214234198;40.86515;-73.32196;-1.27971;0.7132315
214234202;40.86525;-73.32202;-1.279711;0.7132331
214234206;40.86532;-73.32212;-1.279712;0.7132344
214234210;40.86539;-73.32223;-1.279714;0.7132356
214234214;40.86543;-73.32239;-1.279717;0.7132363
214239781;40.85638;-73.31618;-1.279609;0.7130784
214239785;40.85664;-73.31632;-1.279611;0.7130828
214239789;40.85677;-73.31638;-1.279612;0.7130851
214239793;40.85691;-73.31644;-1.279613;0.7130876
214273280;40.86547;-73.31941;-1.279665;0.7132371
214273284;40.86563;-73.31943;-1.279665;0.7132398
214273288;40.86576;-73.31941;-1.279665;0.7132422
214273291;40.86614;-73.31935;-1.279664;0.7132487
214281057;40.85909;-73.31401;-1.279571;0.7131256
214281061;40.85907;-73.31381;-1.279567;0.7131252
214281064;40.85909;-73.31364;-1.279564;0.7131256
214281068;40.85914;-73.31343;-1.279561;0.7131265
214281071;40.85916;-73.31323;-1.279557;0.7131268
214281074;40.85916;-73.31302;-1.279554;0.7131268
214281076;40.85912;-73.31248;-1.279544;0.7131262
214281085;40.85913;-73.31224;-1.27954;0.7131263
214281092;40.85916;-73.31197;-1.279535;0.7131269
214281097;40.85922;-73.31177;-1.279532;0.713128
214285468;40.86688;-73.30188;-1.279359;0.7132616
214285471;40.86685;-73.30202;-1.279362;0.7132611
214285474;40.8668;-73.30218;-1.279364;0.7132602
214285480;40.86662;-73.30253;-1.27937;0.7132571
214285484;40.86657;-73.30275;-1.279374;0.7132561
214285488;40.86643;-73.30359;-1.279389;0.7132537
214285491;40.86621;-73.30485;-1.279411;0.7132499
214285495;40.86613;-73.30537;-1.27942;0.7132485
214285499;40.86591;-73.30659;-1.279441;0.7132447
214285503;40.86584;-73.30701;-1.279449;0.7132435
214285507;40.86584;-73.30721;-1.279452;0.7132434
214285511;40.86584;-73.30744;-1.279456;0.7132435
214285515;40.86587;-73.30762;-1.279459;0.713244
214285517;40.86596;-73.30798;-1.279466;0.7132455
214285521;40.86597;-73.30814;-1.279468;0.7132457
214285525;40.86597;-73.3083;-1.279471;0.7132457
214285529;40.86595;-73.30847;-1.279474;0.7132454
214294170;40.85569;-73.3165;-1.279614;0.7130662
214294174;40.85585;-73.31654;-1.279615;0.713069
214294178;40.85595;-73.31654;-1.279615;0.7130708
214294182;40.85607;-73.3165;-1.279614;0.713073
214294187;40.85617;-73.31644;-1.279613;0.7130747
214294192;40.85627;-73.31633;-1.279611;0.7130764
214294197;40.8564;-73.31591;-1.279604;0.7130787
214294202;40.85638;-73.31573;-1.279601;0.7130784
214294206;40.85623;-73.31517;-1.279591;0.7130758
214294210;40.85619;-73.31489;-1.279586;0.713075
214294213;40.85618;-73.31461;-1.279581;0.7130748
214294217;40.85621;-73.31434;-1.279577;0.7130755
214294221;40.85669;-73.31197;-1.279535;0.7130837
214294225;40.85678;-73.31084;-1.279516;0.7130854
214294232;40.85686;-73.31041;-1.279508;0.7130868
214294239;40.85696;-73.30988;-1.279499;0.7130884
214294243;40.85719;-73.30847;-1.279474;0.7130924
214294247;40.85752;-73.30654;-1.279441;0.7130982
214296404;40.85394;-73.32539;-1.27977;0.7130358
214296408;40.854;-73.32498;-1.279762;0.7130369
214296413;40.85406;-73.32479;-1.279759;0.7130379
214296416;40.85415;-73.32459;-1.279756;0.7130393
214296418;40.85421;-73.32446;-1.279753;0.7130405
214296420;40.85445;-73.32411;-1.279747;0.7130446
214296421;40.85455;-73.32393;-1.279744;0.7130464
214296423;40.85463;-73.32373;-1.279741;0.7130479
214296425;40.85471;-73.32346;-1.279736;0.7130491
214296429;40.85514;-73.32095;-1.279692;0.7130567
214296435;40.85518;-73.32074;-1.279688;0.7130575
214296439;40.85532;-73.32043;-1.279683;0.7130598
214302485;40.85313;-73.32017;-1.279678;0.7130216
214304066;40.8513;-73.3201;-1.279677;0.7129897
214304073;40.85137;-73.31963;-1.279669;0.7129909
214304076;40.85147;-73.31893;-1.279657;0.7129927
214304080;40.85149;-73.31878;-1.279654;0.712993
214304084;40.85147;-73.3186;-1.279651;0.7129926
214306069;40.85866;-73.31158;-1.279528;0.7131181
214306073;40.85894;-73.31165;-1.27953;0.713123
214306076;40.85909;-73.3117;-1.279531;0.7131256
214306081;40.8596;-73.31196;-1.279535;0.7131345
214306088;40.85977;-73.312;-1.279536;0.7131375
214306094;40.85994;-73.31201;-1.279536;0.7131404
214306098;40.86083;-73.3121;-1.279538;0.713156
214306103;40.86161;-73.31234;-1.279542;0.7131697
214306108;40.86289;-73.31269;-1.279548;0.713192
214306112;40.86303;-73.31276;-1.279549;0.7131945
214306116;40.86317;-73.31287;-1.279551;0.7131969
214306119;40.86329;-73.31302;-1.279554;0.7131988
214306122;40.86344;-73.31332;-1.279559;0.7132015
214306125;40.86347;-73.31345;-1.279561;0.7132021
214306129;40.8635;-73.31361;-1.279564;0.7132027
214306135;40.86351;-73.3138;-1.279567;0.7132028
214306139;40.8635;-73.314;-1.279571;0.7132026
214306142;40.86328;-73.3149;-1.279586;0.7131987
214306146;40.86317;-73.31514;-1.279591;0.7131968
214306149;40.86301;-73.31537;-1.279595;0.7131941
214306154;40.86288;-73.31561;-1.279599;0.7131918
214306155;40.8628;-73.31586;-1.279603;0.7131903
214327009;40.85423;-73.31604;-1.279606;0.7130408
214327012;40.85397;-73.31596;-1.279605;0.7130362
214327017;40.8538;-73.31591;-1.279604;0.7130333
214327020;40.85371;-73.31584;-1.279603;0.7130318
214330333;40.85904;-73.3073;-1.279454;0.7131248
214330337;40.85921;-73.30738;-1.279455;0.7131277
214330340;40.85937;-73.3075;-1.279457;0.7131305
214330347;40.8595;-73.30759;-1.279459;0.7131328
214330351;40.85965;-73.30765;-1.27946;0.7131354
214330355;40.86039;-73.30786;-1.279464;0.7131483
214330359;40.86054;-73.30788;-1.279464;0.7131509
214330363;40.86068;-73.3079;-1.279464;0.7131534
214330367;40.86087;-73.30798;-1.279466;0.7131568
214330372;40.86118;-73.30808;-1.279467;0.7131621
214330373;40.86138;-73.30821;-1.27947;0.7131656
214330377;40.86149;-73.30827;-1.279471;0.7131675
214330380;40.86163;-73.30831;-1.279471;0.7131699
214330384;40.8624;-73.3085;-1.279475;0.7131835
214339736;40.86018;-73.31763;-1.279634;0.7131447
214339754;40.85825;-73.31667;-1.279617;0.713111
214339758;40.85829;-73.31647;-1.279614;0.7131116
214339762;40.85834;-73.31631;-1.279611;0.7131126
214339766;40.8584;-73.31615;-1.279608;0.7131137
214339770;40.85845;-73.316;-1.279606;0.7131145
214339774;40.85849;-73.31584;-1.279603;0.7131152
214339778;40.85851;-73.31567;-1.2796;0.7131156
214339783;40.85852;-73.3155;-1.279597;0.7131158
214339787;40.85851;-73.3153;-1.279593;0.7131156
214339794;40.85848;-73.31509;-1.27959;0.713115
214339798;40.85844;-73.31491;-1.279587;0.7131143
214395413;40.86463;-73.31108;-1.27952;0.7132223
214395419;40.86216;-73.31039;-1.279508;0.7131793
214397310;40.84801;-73.3045;-1.279405;0.7129323
214402402;40.85032;-73.31085;-1.279516;0.7129725
214402406;40.85048;-73.31084;-1.279516;0.7129754
214402410;40.85072;-73.31078;-1.279515;0.7129796
214402414;40.85146;-73.3106;-1.279511;0.7129924
214402419;40.8516;-73.3106;-1.279511;0.7129949
214402423;40.85176;-73.31064;-1.279512;0.7129977
214402428;40.85197;-73.3107;-1.279513;0.7130014
444159481;40.8306;-73.31033;-1.279507;0.7126284
444159484;40.82875;-73.30974;-1.279496;0.7125961
444159485;40.82748;-73.30922;-1.279487;0.7125739
444159510;40.83207;-73.31078;-1.279515;0.7126541
444159511;40.83275;-73.31097;-1.279518;0.7126659
444159512;40.83164;-73.31067;-1.279513;0.7126465
444159513;40.83189;-73.31074;-1.279514;0.712651
444159514;40.83372;-73.31123;-1.279522;0.7126828
444159516;40.83308;-73.31104;-1.279519;0.7126716
444159522;40.82952;-73.31003;-1.279501;0.7126096
444159524;40.84338;-73.31434;-1.279577;0.7128515
765362833;40.88052;-73.32578;-1.279776;0.7134997
2394029805;40.86884;-73.29265;-1.279198;0.7132958
2394029807;40.86888;-73.29227;-1.279191;0.7132965
2452239519;40.83798;-73.31259;-1.279546;0.7127572
2452239525;40.83863;-73.31282;-1.27955;0.7127686
2452242312;40.83937;-73.31307;-1.279554;0.7127815
3292668914;40.87587;-73.32442;-1.279753;0.7134185
3292668915;40.87669;-73.32464;-1.279756;0.7134328
3292668944;40.87915;-73.32542;-1.27977;0.7134757
4610660196;40.85938;-73.31639;-1.279612;0.7131307
4610660197;40.86007;-73.31769;-1.279635;0.7131428
4610660198;40.85956;-73.31771;-1.279635;0.7131339
4610660199;40.85934;-73.31766;-1.279634;0.71313
4610660200;40.85838;-73.31715;-1.279626;0.7131132
4610660201;40.85856;-73.31736;-1.279629;0.7131165
5156517521;40.84716;-73.32626;-1.279785;0.7129174
5331358808;40.86917;-73.32239;-1.279717;0.7133017
5331414674;40.85683;-73.31852;-1.27965;0.7130863
5331414675;40.85513;-73.31799;-1.27964;0.7130564
5331414676;40.85302;-73.31737;-1.279629;0.7130197
5331419574;40.84833;-73.30595;-1.27943;0.7129379
5331419575;40.84918;-73.30615;-1.279434;0.7129527
5331419576;40.84952;-73.306;-1.279431;0.7129586
5331419577;40.84972;-73.30551;-1.279423;0.7129621
5331419578;40.84978;-73.305;-1.279414;0.7129632
5331419579;40.84853;-73.3047;-1.279408;0.7129413
5331419580;40.85032;-73.30513;-1.279416;0.7129726
5348887286;40.82764;-73.30929;-1.279488;0.7125768
